3056835
3055127
3055126
3055124
3053649
3049170
3049169
3049164
3049163
3049162
3043138
3040043
3037984
3037983
3037982
3036989
3036988
3036987
3036986
3036985
3036983
3036982
3036981
3036980
3036979
3036978
3036977
3036976
3036975
3036974
3036962
3036961
3036172
3036171
3036170
3036169
3036157
3036156
3036155
3036154
3036153
3036152
3035926
3035923
3035922
3035921
3002864
3002863
2995108
2994960
2994957
2993666
2993618
2987742
2987741
2987740
2987739
2987738
2987737
2986815
2986813
2986812
2986811
2986810
2986809
2986808
2986807
2982590
2982589
2982588
2982524
2978065
2978064
2978063
2978061
2978060
2978059
2978056
2978055
2978054
2978052
2978051
2978050
2978049
2977099
2977098
2976354
2975143
2974824
2974823
2974822
2974821
2973087
2973086
2973082
2972106
2972105
2971418
2964766
2962676
2962673
2962672
2962671
2961939
2961598
2961577
2961574
2961571
2961570
2959596
2959595
2959594
2959593
2959592
2953875
2949323
2949322
2949321
2945980
2945050
2945049
2945048
2945047
2945046
2945045
2945044
2945043
2945042
2945041
2935804
2934937
2934340
2932267
2932266
2931977
2931976
2931975
2929773
2928969
2928968
2928967
2928966
2928963
2927317
2927316
2927315
2927300
2927080
2917812
2917711
2917705
2913940
2913939
2913938
2913937
2913935
2913913
2913912
2913632
2911857
2911855
2911854
2907517
2907507
2907496
2907493
2905377
2904535
2904534
2904533
2904532
2904531
2904530
2904529
2904528
2902624
2902623
2898728
2898727
2898726
2888742
2888740
2888739
2888738
2888735
2885759
2885758
2885757
2885756
2885755
2885754
2885753
2885752
2885751
2885750
2885749
2885748
2885747
2885746
2885745
2885744
2885743
2885742
2885741
2885740
2885739
2885738
2885737
2885736
2885735
2885734
2885733
2884876
2884875
2878679
2878535
2878391
2876573
2876572
2876194
2876193
2876190
2874285
2872158
2866607
2866384
2864960
2856582
2856576
2856573
2856066
2856065
2856064
2856054
2856053
2856052
2856051
2848170
2846770
2841590
2841540
2841257
2838695
2833549
2828780
2827222
2827221
2827220
2827219
2824673
2823880
2823879
2823878
2823877
2823876
2823368
2822137
2821829
2821828
2821827
2821826
2821825
2821824
2821823
2821822
2816475
2807469
2806916
2806252
2798941
2798940
2798939
2798938
2798937
2798936
2798935
2798934
2798933
2798932
2798931
2798930
2798929
2798928
2798927
2798926
2798925
2798924
2798923
2798922
2798921
2798920
2798919
2798918
2798917
2798916
2798915
2798914
2798913
2798912
2798910
2798909
2798908
2798907
2798906
2798905
2798580
2798309
2798276
2798275
2798274
2795490
2795018
2795013
2795012
2795011
2792799
2792798
2792797
2792796
2792781
2784880
2776706
2775498
2774032
2774031
2767083
2767080
2766897
2766896
2765403
2765402
2761102
2756141
2756139
2750670
2747817
2743090
2743089
2741724
2739057
2738762
2732368
2732160
2731220
2719382
2707018
2705406
2703941
2692200
2692199
2691917
2689387
2678343
2675099
2675002
2666143
2666142
2666140
2666130
2663399
2650975
2614450
2614447
2613912
2608793
2608792
2608078
2607661
2599289
2599198
2599197
2599196
2599185
2598455
2597657
2594042
2593994
2592614
2588692
2588691
2587344
2586965
2586643
2583992
2583990
2583824
2583397
2582955
2582950
2582935
2572044
2565931
2565781
2563889
2563819
2562280
2559573
2559572
2546568
2546128
2545700
2545693
2545692
2545691
2545690
2545689
2545688
2528831
2517203
2511997
2511932
2509225
2508724
2507605
2505977
2505976
2501796
2501571
2501570
2496909
2496908
2491143
2491085
2491083
2490204
2489210
2487751
2487750
2487749
2487747
2487746
2487041
2479928
2478471
2448472
2448471
2448456
2448032
2419781
2304676
2303498
2303493
2290931
2283796
2283794
2283527
2250273
2234134
2220064
2220063
2219213
2219212
2218537
2218536
2217661
2216978
2216012
2212850
2203771
2203770
2202724
2202723
2175149
2174848
2173149
2162894
2162630
2138083
2126347
2126323
2126322
2109283
2109282
2107591
2107590
2107589
2100760
2099668
2093355
2093354
2082189
2077317
2077316
2077315
2073113
2071873
2071624
2058097
2056630
2055893
2055836
2053491
2052935
2052832
2049936
2049879
2045011
2044521
2039236
2039234
2036004
2036003
2036001
2035267
2033608
2032630
2026803
2026773
2022712
2022711
2017961
2016373
2016361
2014372
2014371
2014257
2012531
2012530
2012516
2012515
2012514
2012492
2004704
1996557
1993653
1985678
1980982
1980648
1980647
1980645
1980532
1980531
1980514
1978167
1978166
1978165
1978164
1978163
1978162
1978161
1978160
1978159
1978158
1978157
1978156
1978155
1978154
1978153
1978152
1978122
1974469
1974468
1974467
1974466
1974465
1974464
1974463
1974462
1974461
1974460
1974459
1974458
1974457
1974456
1974455
1974454
1974453
1974452
1974451
1974450
1974449
1974448
1974447
1974446
1974445
1974444
1974443
1974442
1974441
1974440
1974439
1974438
1974437
1974436
1974435
1974434
1974433
1974432
1974431
1974430
1974429
1974428
1974427
1974426
1974425
1974424
1973259
1969372
1969371
1969370
1968910
1968909
1968283
1963760
1963280
1963277
1963276
1963271
1963270
1963268
1959104
1940235
1940141
1938355
1936272
1936271
1936144
1936143
1936142
1936141
1936138
1936137
1936131
1936130
1936125
1936122
1936121
1935183
1935129
1935121
1935120
1935021
1935020
1935019
1932004
1930624
1927912
1927129
1920749
1916028
1916027
1916026
1916025
1916024
1916023
1916022
1916021
1916007
1916006
1916005
1915863
1915776
1915775
1915774
1915773
1915772
1915771
1915770
1915769
1915415
1915414
1915413
1915412
1915411
1915410
1912923
1912324
1911573
1908203
1908202
1903277
1903276
1903181
1898943
1898749
1896339
1896338
1896163
1896162
1896161
1896160
1890942
1890941
1890940
1890407
1889002
1889001
1889000
1888999
1888998
1888997
1888996
1888995
1882657
1874706
1874277
1873525
1873524
1872699
1869250
1868214
1867261
1867260
1867258
1849069
1846278
1843187
1843186
1843185
1841599
1839936
1838285
1837170
1826872
1826864
1825023
1821055
1821054
1820337
1816183
1806371
1805424
1805423
1805422
1805298
1805297
1805296
1805295
1805294
1805293
1803513
1803512
1803511
1803510
1802470
1801883
1801882
1801881
1801880
1801631
1801617
1801616
1798806
1785090
1783276
1783275
1783263
1779002
1776492
1776334
1775750
1775544
1774275
1774274
1765655
1763449
1763448
1763447
1759416
1759415
1758255
1751876
1751875
1748331
1748309
1748304
1748303
1748302
1748301
1748299
1747779
1747778
1747777
1747776
1743152
1743151
1740634
1740633
1740632
1740631
1739975
1715806
1712654
1710541
1710540
1710539
1710538
1710537
1710536
1709415
1709414
1706445
1706444
1706443
1706441
1705564
1705562
1705400
1703877
1703876
1702106
1702097
1699375
1699371
1698288
1698287
1698286
1698285
1698284
1698283
1698282
1698281
1698280
1698279
1698278
1698277
1698276
1698275
1698274
1698273
1698272
1698271
1698270
1698269
1698268
1698267
1698266
1698265
1698264
1698263
1698262
1698261
1698260
1698259
1698258
1698257
1697135
1696901
1689156
1689155
1685130
1685129
1685128
1685127
1685125
1685124
1685047
1685046
1685045
1685044
1685043
1685042
1685041
1685040
1685039
1685038
1685037
1685035
1685034
1685033
1685032
1685031
1685030
1682348
1682347
1680828
1680827
1680826
1680138
1679096
1679091
1679083
1679076
1678448
1675697
1673428
1671625
1670458
1670455
1665209
1665208
1665197
1665196
1665195
1665194
1665193
1665192
1665191
1665190
1665189
1665188
1665187
1665186
1665152
1665151
1661977
1658789
1658788
1656823
1655637
1655434
1649646
1649645
1647751
1647749
1647748
1647747
1647746
1647745
1647744
1647742
1647740
1644064
1644063
1644062
1644061
1644060
1644059
1644058
1644057
1644056
1644055
1643678
1633895
1633894
1621546
1621545
1617643
1617642
1616795
1615586
1609559
1608626
1607948
1607946
1607807
1607802
1607801
1604004
1603555
1602747
1593364
1590184
1590183
1586233
1586232
1582439
1580092
1577791
1577789
1577788
1577684
1570470
1569263
1569262
1569261
1564993
1564992
1564991
1564990
1564989
1564988
1564987
1564986
1564985
1564984
1564983
1564982
1564981
1564980
1564979
1564978
1564977
1564976
1564975
1564974
1564973
1564972
1564971
1564970
1564969
1564968
1564967
1564966
1564965
1564964
1564963
1564962
1564961
1552990
1550566
1550565
1550241
1547898
1547897
1544719
1544718
1542963
1540849
1540848
1540847
1540846
1540845
1540844
1540843
1540842
1540841
1540840
1540839
1540838
1540837
1540836
1540835
1540834
1539715
1539714
1539713
1539712
1539711
1539710
1539709
1539708
1539707
1539706
1539705
1539704
1539703
1539702
1539701
1539700
1539699
1539698
1539697
1539696
1539695
1539694
1539693
1539692
1539691
1539690
1539689
1539688
1539687
1539686
1539685
1539684
1539683
1539682
1539681
1539680
1539679
1539678
1539677
1539107
1539106
1538602
1538601
1538600
1538599
1538598
1538597
1538596
1538595
1538594
1538593
1538592
1538591
1538590
1538589
1538588
1538587
1538586
1538585
1538584
1538583
1538582
1538581
1538580
1538579
1532350
1530368
1530367
1530366
1530365
1530364
1530363
1530362
1530361
1530360
1530359
1530358
1530357
1530356
1530355
1530354
1530353
1530352
1530351
1530350
1530349
1530348
1530347
1530346
1530345
1530344
1530343
1530342
1530341
1530092
1530091
1530090
1530089
1526162
1526114
1519785
1519784
1519783
1519782
1519781
1519780
1519779
1515593
1514971
1510466
1510225
1507183
1507182
1506974
1506973
1506972
1506971
1506970
1506969
1506968
1506967
1506966
1506965
1506964
1506963
1506962
1506961
1506960
1506959
1506945
1506944
1506943
1506942
1506941
1506940
1506939
1506938
1506937
1506936
1506935
1506932
1506931
1506930
1506929
1506928
1506927
1506926
1506925
1506924
1506923
1506922
1506921
1506920
1506919
1506918
1506917
1506916
1506915
1506897
1506896
1506895
1506894
1506893
1506892
1506890
1505907
1503183
1502295
1502294
1502293
1502292
1502291
1502290
1502289
1502073
1502072
1502071
1502070
1502069
1502068
1502067
1502066
1502065
1502064
1502063
1502062
1502061
1502060
1502059
1502058
1502057
1502056
1501411
1499975
1495826
1495825
1495824
1495823
1495822
1495821
1495820
1495819
1495818
1495817
1495816
1495815
1495814
1495813
1495812
1495811
1495810
1495809
1495808
1495807
1495806
1495805
1495804
1495803
1495802
1495801
1495800
1495799
1495798
1495797
1495796
1495795
1495794
1495793
1495792
1495791
1495790
1493229
1493228
1493227
1493226
1493225
1493224
1493223
1493222
1493221
1493220
1493219
1493218
1493217
1493216
1493215
1493214
1493213
1493212
1493211
1493210
1493209
1493208
1493207
1493206
1493205
1493204
1493203
1493202
1493201
1493200
1493199
1493198
1493197
1493196
1493195
1493194
1493193
1493192
1493191
1493190
1493189
1493188
1493187
1493186
1493185
1493184
1493183
1493182
1493181
1493180
1493179
1493178
1493177
1493176
1493175
1493174
1493173
1493172
1493171
1493170
1493169
1493168
1493167
1493166
1493165
1493164
1493163
1493162
1493161
1493160
1493159
1493158
1493157
1493156
1493155
1493154
1493153
1493152
1493151
1493150
1493149
1493148
1493147
1493146
1493145
1493144
1493143
1493142
1493141
1493140
1493139
1493138
1493137
1493136
1493135
1493134
1493133
1493132
1493131
1493130
1493129
1493128
1493127
1493126
1493125
1493124
1493123
1493122
1493121
1493120
1493119
1493118
1493117
1493116
1493115
1493114
1493113
1493112
1493111
1493110
1493109
1493108
1493107
1493106
1493105
1493104
1493103
1493102
1493101
1493100
1493099
1493098
1493097
1493096
1493095
1493094
1493093
1493092
1493091
1493090
1493089
1493088
1493087
1493086
1493085
1493084
1493083
1493082
1493081
1493080
1493079
1493078
1493077
1493076
1493075
1493074
1493073
1493072
1493071
1493070
1493069
1493068
1493067
1493066
1493065
1493064
1493063
1493062
1493061
1493060
1493059
1493058
1493057
1493056
1493055
1493054
1493053
1493052
1493051
1493050
1493049
1493048
1493047
1493046
1493045
1493044
1493043
1493042
1493041
1493040
1493039
1493038
1493037
1493036
1493035
1493034
1493033
1493032
1493031
1493030
1493029
1493028
1493027
1493026
1493025
1493024
1493023
1493022
1493021
1493020
1493019
1493018
1493017
1493016
1493015
1493014
1493013
1493012
1493011
1493010
1493009
1493008
1493007
1493006
1493005
1493004
1493003
1493002
1493001
1493000
1492999
1492998
1492997
1492996
1492995
1492994
1492993
1492992
1492991
1492990
1492989
1492988
1492987
1492986
1492985
1492984
1492983
1492982
1492981
1492980
1492979
1492978
1492977
1492976
1492975
1492974
1492973
1492972
1492971
1492970
1492969
1492968
1492967
1492966
1492965
1492964
1492963
1492962
1492961
1492960
1492959
1492958
1492957
1492956
1492955
1492954
1492953
1492952
1492951
1492950
1492949
1492948
1489995
1489988
1489987
1489986
1489985
1489984
1489983
1489982
1489981
1489980
1489725
1489718
1489717
1489716
1489715
1489713
1489712
1489711
1489710
1489709
1489708
1489707
1489706
1489705
1489704
1489703
1489702
1488276
1488275
1488274
1488273
1488272
1488271
1488270
1488269
1488268
1488267
1488266
1488265
1488264
1488263
1488262
1488261
1487865
1483572
1480675
1477882
1477881
1477880
1477879
1477878
1477877
1477876
1477875
1477874
1477873
1477872
1477871
1477870
1477869
1477868
1477867
1477866
1477865
1477864
1477863
1477862
1477861
1477860
1477859
1477858
1477857
1477856
1477855
1477854
1476858
1470067
1470066
1462472
1462471
1462470
1462430
1462428
1462427
1462426
1462422
1462420
1462419
1462418
1460864
1459637
1459636
1457981
1457980
1457979
1457978
1457977
1457976
1457975
1457974
1457973
1457972
1457971
1457970
1457969
1457968
1457967
1457966
1457965
1457964
1457963
1457962
1457961
1457960
1457959
1457958
1457957
1457956
1457955
1457954
1457953
1457952
1457951
1457950
1457949
1457948
1457947
1457946
1457945
1457944
1457943
1457942
1457941
1457940
1457939
1457938
1457937
1457936
1457935
1457934
1457933
1457932
1457931
1457930
1457929
1457928
1457927
1457926
1457925
1457924
1457923
1457922
1457921
1457920
1457919
1457918
1457917
1457916
1457915
1457914
1457913
1457912
1457911
1457910
1457909
1457908
1457907
1457906
1457905
1457904
1457903
1457902
1457901
1457900
1457899
1457898
1457897
1457896
1457895
1457894
1457893
1457892
1457891
1457890
1457889
1457888
1457887
1457886
1457885
1457884
1457883
1457882
1457881
1457880
1457879
1457878
1457877
1457876
1457875
1457874
1457873
1457872
1457871
1457870
1457869
1457868
1457867
1457866
1457865
1457864
1457863
1457862
1457861
1457860
1457859
1457858
1457857
1457856
1457855
1457854
1457853
1457852
1457851
1457850
1457849
1457848
1457847
1457846
1457845
1457844
1457843
1457842
1457841
1457840
1457839
1457838
1457837
1457836
1457835
1457834
1457833
1457832
1457831
1457830
1457829
1457828
1457827
1457826
1457825
1457824
1457823
1457822
1457821
1457820
1457819
1457818
1457817
1457816
1457815
1457814
1457813
1457812
1457811
1457810
1457809
1457808
1457807
1457806
1457805
1457804
1457803
1457802
1457801
1457800
1457799
1457798
1457797
1457796
1457795
1457794
1457793
1457792
1457791
1457790
1457789
1457788
1457787
1457786
1457785
1457784
1457783
1457782
1457781
1457780
1457779
1457778
1457777
1457776
1457775
1457774
1457773
1457772
1457771
1457770
1457769
1457768
1457767
1457766
1457765
1457764
1457763
1457762
1457761
1457760
1457759
1457758
1457757
1457756
1457755
1457754
1457753
1457752
1457751
1457750
1457749
1457748
1457747
1457746
1457745
1457744
1457743
1457742
1457741
1457740
1457739
1457738
1457737
1457736
1457735
1457734
1457733
1457732
1457731
1457730
1457729
1457728
1457727
1457726
1457725
1457724
1457723
1457722
1457721
1457720
1457719
1457718
1457717
1457716
1457715
1457714
1457713
1457712
1457711
1457710
1457709
1457708
1457707
1457706
1457705
1457704
1457703
1457702
1457701
1457700
1457699
1457698
1457377
1457376
1457375
1457374
1457373
1457250
1457235
1456958
1456957
1456956
1456955
1456954
1456953
1456952
1456951
1456950
1456949
1456948
1456947
1456590
1456589
1456588
1456587
1456586
1456585
1456584
1456583
1456582
1456581
1456580
1456579
1456578
1456577
1456576
1456575
1456574
1456573
1456572
1456571
1456570
1456569
1456568
1456567
1456566
1456565
1456564
1456563
1456562
1456561
1456560
1456559
1456558
1456557
1456556
1456555
1456554
1456553
1456552
1456551
1456550
1456549
1456548
1456547
1456546
1456545
1456544
1456543
1456542
1456541
1456540
1456539
1456538
1456537
1456536
1456535
1456534
1456533
1456532
1456531
1456530
1456529
1456528
1456527
1456526
1456525
1456524
1456523
1456522
1456521
1456520
1456519
1456518
1456517
1456516
1456515
1456514
1456513
1456512
1456511
1456510
1456509
1456508
1456507
1456506
1456505
1456504
1456503
1456502
1456501
1456500
1456499
1456498
1456497
1456496
1456495
1456494
1456493
1456492
1456491
1456490
1456489
1456488
1456487
1456486
1456485
1456484
1456483
1456482
1456481
1456480
1456479
1456478
1456477
1456476
1456475
1456474
1456473
1456472
1456471
1456470
1456469
1456468
1456467
1456466
1456465
1456464
1456463
1456462
1456461
1456460
1456459
1456458
1456457
1456456
1456455
1456454
1456453
1456452
1456451
1456450
1456449
1456448
1456447
1456446
1456445
1456444
1456443
1456442
1456441
1456440
1456439
1456438
1456437
1456436
1456435
1456434
1456433
1456432
1456431
1456430
1456429
1456428
1456427
1456426
1456425
1456424
1456423
1456422
1456421
1456420
1456419
1456418
1456417
1456416
1456415
1456414
1456413
1456412
1456411
1456410
1456409
1456408
1456407
1456406
1456405
1456404
1456403
1456402
1456401
1456400
1456399
1456398
1456397
1456396
1456395
1456394
1456393
1456392
1456391
1456390
1456389
1456388
1456387
1456386
1456385
1456384
1456383
1456382
1456381
1456380
1456379
1456378
1456377
1456376
1456375
1456374
1456373
1456372
1456371
1456370
1456369
1456368
1456367
1456366
1456365
1456364
1456363
1456362
1456361
1456360
1456359
1456358
1456357
1456356
1456355
1456354
1456353
1456352
1456351
1456350
1456349
1456348
1456347
1456346
1456345
1456344
1456343
1456342
1456341
1456340
1456339
1456338
1456337
1456336
1456335
1456334
1456333
1456332
1456331
1456330
1456329
1456328
1456327
1456326
1456325
1456324
1456323
1456322
1456321
1456320
1456319
1456318
1456317
1456316
1456315
1456314
1456313
1456312
1456311
1456310
1456309
1456308
1456307
1456306
1456305
1456304
1456303
1456302
1456301
1456300
1456299
1456298
1456297
1456296
1456295
1456294
1456293
1456292
1456291
1456290
1456289
1456288
1456287
1456286
1456285
1456284
1456283
1456282
1456281
1456280
1456279
1456278
1456277
1456276
1456275
1456274
1456273
1456272
1456271
1456270
1456269
1456268
1456267
1456266
1456265
1456264
1456263
1456262
1456261
1456260
1456259
1456258
1456257
1456256
1456255
1456254
1456253
1456252
1456251
1456250
1456249
1456248
1456247
1456246
1456245
1456244
1456243
1456242
1456241
1456240
1456239
1456238
1456237
1456236
1456235
1456234
1456233
1456232
1456231
1456230
1456229
1456228
1456227
1456226
1456225
1456224
1456223
1456222
1456221
1456220
1456219
1456218
1456217
1456216
1456215
1456214
1456213
1456212
1456211
1456210
1456209
1456208
1456207
1456206
1456205
1456204
1456203
1456202
1456201
1456200
1456199
1456198
1456197
1456196
1456195
1456194
1456193
1456192
1456191
1456190
1456189
1456188
1456187
1456186
1456185
1456184
1456183
1456182
1456181
1456180
1456179
1456178
1456177
1456176
1456175
1456174
1456173
1456172
1456171
1456170
1456169
1456168
1456167
1456166
1456165
1456164
1456163
1456162
1456161
1456160
1456159
1456158
1456157
1456156
1456155
1456154
1456153
1456152
1456151
1456150
1456149
1456148
1456147
1456146
1456145
1456144
1456143
1456142
1456141
1456140
1456139
1456138
1456137
1456136
1456135
1456134
1456133
1456132
1456131
1456130
1456129
1456128
1456127
1456126
1456125
1456124
1456123
1456122
1456121
1456120
1456119
1456118
1456117
1456116
1456115
1456114
1456113
1456112
1456111
1456110
1456109
1456108
1456107
1456106
1456105
1456104
1456103
1456102
1456101
1456100
1456099
1456098
1456097
1456096
1456095
1456094
1456093
1456092
1456091
1456090
1456089
1456088
1456087
1456086
1456085
1456084
1456083
1456082
1456081
1456080
1456079
1456078
1456077
1456076
1456075
1456074
1456073
1456072
1456071
1456070
1456069
1456068
1456067
1456066
1456065
1456064
1456063
1456062
1456061
1456060
1456059
1456058
1456057
1456056
1456055
1456054
1456053
1456052
1456051
1456050
1456049
1456048
1456047
1456046
1456045
1456044
1456043
1456042
1456041
1456040
1456039
1456038
1456037
1456036
1456035
1456034
1456033
1456032
1456031
1456030
1456029
1456028
1456027
1456026
1456025
1456024
1456023
1456022
1456021
1456020
1456019
1456018
1456017
1456016
1456015
1456014
1456013
1456012
1456011
1456010
1456009
1456008
1456007
1456006
1456005
1456004
1456003
1456002
1456001
1456000
1455999
1455998
1455997
1455996
1455995
1455994
1455993
1455992
1455991
1455990
1455989
1455988
1455987
1455986
1455985
1455984
1455983
1455982
1455981
1455980
1455979
1455978
1455977
1455976
1455975
1455974
1455973
1455972
1455971
1455970
1455969
1455968
1455967
1455966
1455965
1455964
1455963
1455962
1455961
1455960
1455959
1455958
1455957
1455956
1455955
1455954
1455953
1455952
1455951
1455950
1455949
1455948
1455947
1455946
1455945
1455944
1455943
1455942
1455941
1455940
1455939
1455938
1455937
1455936
1455935
1455934
1455933
1455932
1455931
1455930
1455929
1455928
1455927
1455926
1455925
1455924
1455923
1455922
1455921
1455920
1455919
1455918
1455917
1455916
1455915
1455914
1455913
1455912
1455911
1455910
1455909
1455908
1455907
1455906
1455905
1455904
1455903
1455902
1455901
1455900
1455899
1455898
1455897
1455896
1455895
1455894
1455893
1455892
1455891
1455890
1455889
1455888
1455887
1455886
1455885
1455884
1455883
1455882
1455881
1455880
1455879
1455878
1455609
1455608
1453760
1452368
1450140
1449112
1449111
1449110
1449109
1449108
1449107
1449106
1448937
1448936
1448935
1448933
1448860
1441896
1441895
1441894
1441893
1441892
1441891
1441890
1441889
1441888
1441887
1441886
1441885
1441884
1436882
1435377
1434684
1434683
1434682
1434681
1434126
1434125
1434123
1434122
1434121
1434120
1434119
1434118
1434117
1434116
1434115
1434114
1434113
1434112
1434111
1434110
1434109
1434108
1434107
1434106
1434105
1434104
1433523
1432656
1432427
1432426
1431545
1431544
1431282
1429915
1429914
1427151
1427149
1419051
1419050
1417701
1417700
1417699
1417692
1417691
1417673
1416969
1415626
1412874
1412873
1412872
1412871
1410664
1410606
1410576
1410575
1410574
1410573
1407499
1407055
1406512
1401244
1395169
1392998
1392997
1392996
1392423
1392422
1390225
1387975
1387974
1387973
1387972
1387971
1387970
1387969
1387968
1387965
1387964
1383851
1383844
1383816
1383812
1380430
1379040
1378866
1378865
1378864
1378863
1378862
1378861
1378860
1378859
1378858
1378857
1378856
1378855
1378854
1378853
1378852
1378851
1378850
1378849
1378848
1378847
1378846
1378845
1378844
1378843
1378842
1378841
1378840
1378839
1378838
1378837
1378836
1378835
1378834
1378833
1378832
1378831
1378830
1378829
1378828
1378827
1378826
1378825
1378824
1378823
1378822
1378821
1378820
1378819
1378818
1378817
1378816
1378815
1378814
1378813
1378812
1378811
1378810
1378809
1378808
1378807
1378806
1378805
1378804
1378803
1378802
1378801
1378800
1378799
1378798
1378797
1378796
1378795
1378794
1378793
1377992
1368239
1367881
1365176
1364945
1364940
1364937
1364935
1364933
1354750
1354749
1354748
1354747
1353260
1353246
1353158
1352889
1352888
1352887
1352886
1352885
1352884
1352883
1352882
1352881
1352880
1352879
1352878
1352877
1352876
1352875
1352874
1352873
1352872
1352871
1348249
1344584
1343739
1341726
1341552
1334622
1334620
1334262
1334192
1333847
1330493
1330492
1330470
1330469
1326980
1324957
1319647
1319646
1319645
1319644
1319643
1319642
1319641
1319640
1319639
1319638
1319637
1319636
1319635
1319634
1319633
1319632
1319631
1319630
1319629
1319628
1319627
1319626
1319625
1319624
1319623
1319622
1319621
1319620
1319619
1319618
1319617
1319616
1319615
1319614
1319613
1319612
1319611
1316941
1313299
1301915
1300164
1300163
1298606
1297041
1295373
1295126
1295124
1295123
1295120
1295009
1294262
1294122
1294121
1293586
1293048
1293047
1293044
1293043
1293042
1293041
1293040
1293039
1293038
1293037
1293036
1291540
1291539
1277351
1273541
1269924
1269923
1269922
1269921
1269920
1269919
1269918
1269917
1269916
1269915
1269914
1269913
1269912
1269911
1269910
1269909
1269908
1269907
1269906
1269905
1269904
1269903
1269902
1269901
1269900
1269899
1269898
1269897
1269896
1269895
1269894
1269893
1269892
1269891
1269890
1269889
1269888
1269887
1269886
1269885
1269884
1269883
1269882
1269881
1269880
1269879
1269878
1269877
1269876
1269875
1269874
1269873
1269872
1269871
1269201
1269048
1269031
1268556
1267564
1264579
1263088
1262903
1262400
1261545
1260441
1250518
1250517
1250516
1250515
1250514
1250513
1250512
1250511
1250510
1250509
1250508
1250507
1250506
1250505
1250504
1250503
1250502
1250501
1250500
1250499
1250498
1250497
1250496
1250495
1250494
1250493
1250492
1250491
1250490
1250489
1250488
1250487
1250486
1250485
1250484
1250483
1250482
1250481
1250480
1250479
1250478
1250477
1250476
1250475
1250474
1250473
1250472
1250471
1250470
1250469
1250468
1250467
1250466
1250465
1250464
1250463
1250462
1250461
1250460
1250459
1250458
1250457
1250456
1250455
1250454
1250453
1250452
1250451
1250450
1250449
1250448
1250447
1250446
1250445
1250444
1250443
1250442
1250441
1250440
1250439
1250438
1250437
1250436
1250435
1250434
1250433
1250432
1250431
1250430
1250429
1250428
1245458
1242807
1242806
1241935
1238425
1238424
1238128
1238127
1238126
1238125
1238124
1238123
1238122
1238121
1238120
1238119
1238118
1238117
1238116
1238115
1238114
1238113
1238112
1238111
1238110
1238109
1238108
1238107
1238106
1238105
1238104
1238103
1238102
1238101
1238100
1238099
1238098
1238097
1238096
1238095
1238094
1238093
1238092
1238091
1238090
1238089
1238088
1238087
1238086
1238085
1238084
1238083
1238082
1238081
1238080
1238079
1238078
1238077
1238076
1238075
1238074
1238073
1238072
1238071
1238070
1238069
1238068
1238067
1238066
1238065
1238064
1238063
1238062
1238061
1238060
1238059
1238058
1238057
1238056
1238055
1238054
1238053
1238052
1238051
1238050
1238049
1238048
1238047
1238046
1238045
1238044
1238043
1238042
1238041
1238040
1238039
1238038
1238037
1238036
1238035
1238034
1238033
1238032
1238031
1238030
1238029
1238028
1238027
1238026
1238025
1238024
1238023
1238022
1238021
1238020
1238019
1238018
1238017
1238016
1238015
1238014
1238013
1238012
1238011
1238010
1238009
1238008
1238007
1238006
1238005
1238004
1238003
1238002
1238001
1238000
1237999
1237998
1237997
1237996
1237995
1237994
1237993
1237992
1237991
1237990
1237989
1237988
1237987
1237986
1237985
1237984
1237983
1237982
1237981
1237980
1237979
1237978
1237977
1237976
1237975
1237974
1237973
1237972
1237971
1237970
1237862
1237861
1237085
1236903
1236689
1236180
1235852
1235851
1235850
1234667
1233512
1233402
1233401
1232219
1230460
1230459
1230458
1230457
1230456
1230455
1230454
1230453
1230452
1230451
1229909
1229908
1227648
1227500
1227499
1227498
1227497
1227496
1227495
1227494
1227493
1227492
1227491
1227490
1227489
1227488
1227487
1227486
1227485
1227484
1227483
1227482
1227481
1227480
1227468
1227467
1227466
1227465
1227461
1227460
1227459
1227458
1227457
1227456
1227455
1227454
1227453
1227452
1223203
1223202
1222954
1222953
1222952
1222951
1222950
1222949
1222948
1222947
1222946
1222945
1222944
1222943
1222942
1222941
1222940
1222939
1222938
1222937
1222936
1222935
1222934
1222933
1222932
1222931
1222930
1222929
1222928
1222927
1222926
1222925
1222924
1222923
1222922
1222921
1222920
1222919
1222918
1222917
1222916
1222915
1222914
1222913
1222912
1222911
1222910
1222909
1222908
1222907
1222906
1222905
1222904
1222903
1222902
1222901
1222900
1222899
1222898
1222897
1222896
1222895
1222894
1222893
1222892
1222891
1222890
1222889
1222888
1222887
1222886
1222885
1222884
1222883
1222882
1222881
1222880
1222879
1222878
1222877
1222876
1222875
1222874
1222873
1222872
1222871
1222870
1222869
1222868
1222867
1222866
1222865
1222864
1222863
1222862
1222861
1222860
1222859
1222858
1222857
1222856
1222855
1222854
1222853
1222852
1222851
1222850
1222849
1222848
1222847
1222846
1222845
1222844
1222843
1222842
1222841
1222840
1222839
1222838
1222837
1222836
1222835
1222834
1222833
1222832
1222831
1222830
1222829
1222828
1222827
1222826
1222825
1222824
1222823
1222822
1222821
1222820
1222819
1222818
1222817
1222816
1222815
1222814
1222813
1222812
1222811
1222810
1222809
1222808
1222807
1222806
1222805
1222804
1222803
1222802
1222801
1222800
1222799
1222798
1222797
1222796
1222795
1222794
1222793
1222792
1222791
1222790
1222789
1222788
1222787
1222786
1222785
1222784
1222783
1222782
1222781
1222780
1222779
1222778
1222777
1222776
1222775
1222774
1222773
1222772
1222771
1222770
1222769
1222768
1222531
1222530
1222529
1222528
1222527
1222526
1222525
1222524
1222523
1222522
1222521
1222520
1222519
1222518
1222517
1222516
1222515
1222514
1222513
1222512
1222511
1222510
1222509
1222508
1222507
1222506
1222505
1222504
1222503
1222502
1222501
1222500
1222499
1222498
1222497
1222496
1222495
1222494
1222493
1222492
1222491
1222490
1222489
1222488
1222487
1222486
1222485
1222484
1222483
1222482
1222481
1222480
1222479
1222478
1222477
1222476
1222475
1222474
1222473
1222472
1222471
1222470
1222469
1222468
1222467
1222466
1222465
1222464
1222463
1222462
1222461
1222460
1222459
1222458
1222457
1222456
1222455
1222454
1222453
1222452
1222451
1222450
1222449
1222448
1222447
1222446
1222445
1222444
1222443
1222442
1222441
1222440
1222439
1222438
1222437
1222436
1222435
1222434
1222433
1222432
1222431
1222430
1222429
1222428
1222427
1222426
1222425
1222424
1222423
1222422
1222421
1222420
1222419
1220779
1220778
1220777
1220776
1220775
1220774
1220773
1220023
1216343
1216342
1214066
1210908
1209988
1208621
1208620
1204725
1202768
1202767
1201294
1200300
1198451
1198449
1198324
1198301
1198300
1198298
1198296
1198295
1194413
1194412
1193105
1187983
1187982
1187981
1187148
1187147
1187146
1187145
1187144
1187143
1187142
1187141
1187140
1187139
1187138
1187137
1187136
1187135
1187134
1187015
1187014
1186196
1185654
1184251
1175445
1175444
1175296
1174034
1174033
1174032
1174031
1174030
1174029
1174028
1173606
1173605
1170320
1167203
1167032
1167030
1167029
1167028
1167026
1167025
1167024
1167023
1167022
1167021
1163730
1163367
1163366
1163363
1163362
1163361
1163360
1163359
1163358
1163353
1163352
1163351
1163350
1163349
1163348
1163347
1163343
1163342
1160895
1151117
1150674
1150343
1143684
1143683
1143682
1143681
1143680
1143375
1143374
1143373
1143372
1143371
1143370
1141918
1141917
1132509
1132506
1132505
1132504
1132503
1132502
1132501
1132500
1132499
1132498
1132497
1131267
1131266
1131255
1131254
1131008
1131007
1130282
1128108
1127228
1126245
1126242
1126241
1126240
1126238
1126237
1126236
1126234
1122961
1122233
1122231
1122230
1122229
1121945
1121009
1120498
1120497
1118069
1118068
1117720
1114856
1111946
1111945
1111944
1111943
1111942
1111941
1111940
1111939
1111938
1111937
1111936
1111935
1111930
1111924
1111909
1111908
1111907
1111906
1111905
1111904
1111903
1111902
1111901
1111900
1111899
1111898
1111897
1111896
1111895
1111894
1111893
1111892
1111891
1111890
1111889
1111888
1111783
1111107
1110545
1110509
1109625
1109624
1109623
1109622
1109400
1109399
1109010
1105053
1104576
1104324
1095963
1095962
1095961
1095960
1095959
1095958
1095957
1095778
1095776
1094980
1090871
1090870
1090322
1089683
1088740
1082484
1082483
1080712
1080709
1078905
1078904
1077256
1075398
1075397
1073996
1073987
1073986
1073081
1072681
1070314
1069083
1069082
1056495
1053692
1052822
1052821
1052820
1052818
1052806
1052805
1052804
1052803
1052802
1052801
1052014
1051667
1051666
1051663
1050716
1050588
1050587
1050586
1050585
1050584
1050583
1050582
1050581
1050580
1050579
1050578
1050577
1050576
1050575
1050574
1050573
1050572
1050571
1050570
1050569
1050568
1050567
1050566
1050565
1050564
1050563
1050562
1050561
1050560
1050559
1050558
1050557
1050556
1050555
1050554
1050553
1050552
1050551
1050550
1050549
1050548
1050547
1050546
1050545
1050544
1050543
1050542
1050541
1050540
1050539
1050538
1050537
1050536
1050535
1050534
1050533
1050532
1050531
1050530
1050529
1050528
1050527
1050526
1050525
1050524
1050523
1050522
1050521
1050520
1050519
1050518
1050517
1050516
1050515
1050514
1050513
1050512
1050511
1050510
1050509
1050508
1050507
1050506
1050505
1050504
1050503
1050502
1050501
1050500
1050499
1050498
1050497
1050496
1050495
1050494
1050493
1050492
1050491
1050490
1050489
1050488
1050487
1050486
1050485
1050484
1050483
1050482
1050481
1050480
1050479
1050478
1050477
1050476
1050475
1050474
1050473
1050472
1050471
1050470
1050469
1050468
1050467
1050466
1050465
1050464
1050463
1050462
1050461
1050460
1050459
1050458
1050457
1050456
1050455
1050454
1050453
1050452
1050451
1050450
1050449
1050448
1050447
1050446
1050445
1050444
1050443
1050442
1050441
1050440
1050439
1050438
1050437
1050436
1050435
1050434
1050433
1050432
1050431
1050430
1050429
1050428
1050427
1050426
1050425
1050424
1050423
1050422
1050421
1048752
1048396
1046043
1045764
1045360
1045359
1045331
1045330
1045327
1042953
1041930
1036679
1036678
1036677
1035798
1035797
1034015
1033997
1033996
1033806
1028567
1028566
1017351
1008460
1008195
1008153
1008152
1007084
1007082
1006006
1006005
1005933
1001994
999902
999901
999630
996988
996166
994838
994837
990316
985053
985052
984706
984705
983414
983413
983412
983411
971279
947314
947313
947312
947311
947310
940295
940294
937775
933801
932660
931585
931277
930945
930943
928854
928852
926984
926983
926982
926981
926980
926979
926978
926977
926976
926975
926974
926973
926972
926971
926970
926969
926968
926967
926966
926965
926964
926963
926962
926961
926960
926959
926958
926957
926956
926955
926954
926953
926952
926951
926950
926949
926948
926947
926946
926945
926944
926943
926942
926941
926940
926939
926938
926937
926936
926935
926690
926571
926360
926359
914640
914639
913336
913335
913333
913322
911135
911134
911133
911132
911131
911130
911129
911128
911127
911126
911125
911124
911123
911122
911121
911120
911119
911118
911117
911116
907719
907718
907717
905827
905826
905013
905012
904073
904072
890420
890385
890367
890364
890363
890362
890334
890333
890332
890331
890330
890329
890328
890327
890326
890325
890324
890323
890322
890288
890287
890286
890285
890284
890283
890282
890281
890280
890279
890278
890277
890276
890275
890274
890273
890272
890271
890270
890269
890268
890267
890266
890265
890264
890263
890262
890261
890260
890259
890258
890257
890256
890255
890254
890253
890252
890251
890250
890249
890248
890247
890246
890245
890244
890243
890242
890241
890240
890239
890238
890237
890236
890235
890234
890233
890232
890231
890230
890229
890228
890227
890226
890225
890224
890223
890222
890221
890220
890219
890218
890217
890216
890215
890214
890213
886738
882104
882090
880724
877455
874427
874426
871740
871007
871006
869896
869892
869891
869890
869889
869888
869886
869716
869715
869714
868131
867917
867916
867904
862648
862647
859350
859192
797304
797303
797302
797299
797210
797209
797114
796385
795797
795325
768733
768730
768679
768672
768065
767519
767517
767515
766501
766500
765177
763501
763500
763499
763498
762961
762960
762959
762958
762957
762956
762955
760730
760729
759874
759873
756697
755311
755310
755309
755308
755307
755306
749854
749853
749852
749712
749711
749710
745377
744724
743730
743728
743727
743725
743724
743104
743103
743102
743101
743100
743099
743098
743097
743096
743095
743094
743093
743092
743091
743090
743089
743088
743087
743086
743085
743084
743083
725131
718286
710191
710190
699433
699431
698757
698736
698735
698734
698587
698586
698585
698584
698583
698582
698581
698580
698579
698578
698577
698576
698575
698574
698573
698572
698571
698570
698569
698568
698567
698566
698565
698564
698563
698562
698561
698560
698559
698558
698557
698556
698555
698554
698553
698552
698551
698550
698549
698548
698547
698546
697581
696670
696669
696668
696667
696666
696665
696664
696663
696662
696661
696660
696659
696658
696657
696656
696655
696654
696653
696652
696651
696650
696649
696648
696647
696646
696645
696644
696643
696642
696641
696640
696639
696638
696637
696636
696635
696634
696633
696632
696631
696630
696629
696628
696627
696626
696625
696624
695982
694440
694436
694430
694429
693851
693661
691825
685950
685949
685948
684059
684058
684057
683846
682717
682716
682351
682350
682349
680118
679926
679901
679267
679266
679265
679264
679263
679262
678942
678941
678940
678939
678938
676242
675631
671774
671773
671772
671771
671770
671769
671145
671066
671065
670847
670846
670845
670844
670843
670842
670841
670840
670839
670838
670837
670836
670835
670834
670833
670832
670831
670830
670829
670828
670827
670826
670825
670824
670823
670822
670821
670820
670819
670818
670817
670816
670815
670814
670813
670812
670811
670810
670809
670808
670807
670806
670236
670235
670234
670218
670217
670216
670215
670213
670212
670211
670210
670209
670208
670207
670206
668570
667126
666997
666510
663941
663940
662762
662761
662760
662759
662758
662757
662756
662480
662479
662478
662477
662476
662475
660522
660521
660520
660518
660517
660515
660064
660063
660062
651142
651141
651140
651137
648796
647171
647113
645723
645575
645574
645572
645571
645570
645569
645568
645567
645566
645565
645564
645563
645562
645561
645560
645559
645558
645557
645556
645555
645554
645553
645552
645551
645550
644295
643678
643677
641814
641813
640943
639160
639159
639158
639157
639156
639155
639154
639153
639152
639151
639150
639149
639148
639147
639146
639145
639144
639143
639142
639141
639140
639139
639138
639137
639136
639135
639134
639133
639132
639131
639130
639129
639128
639127
639126
639125
639124
639123
639122
639121
637915
637914
634498
634497
633148
630205
630204
630203
630202
630201
626955
626954
619731
619593
604354
593750
593117
591163
591019
589924
589898
589897
589896
589895
589894
589893
589892
589891
589890
589889
589888
589887
589886
589885
588898
588819
588818
588817
588816
588814
588319
585223
583356
582419
579137
575195
575194
573064
573063
572546
572478
570267
570266
570265
570264
566298
565635
565634
565633
565632
565631
565630
565629
565628
565627
565626
565625
565033
563177
558529
555875
555874
555573
555311
553469
553468
553467
553466
550659
550658
550657
550656
550655
550654
550653
550652
550651
550650
550649
550648
550647
550646
550645
550644
550643
550642
550641
550640
550639
550637
550636
550634
550633
550631
550630
550628
550627
550625
550624
550622
550621
550619
550618
550616
550615
550613
550612
550610
550609
550607
550606
550604
550603
550602
550601
550600
550599
550597
550596
550594
550593
550591
550590
550588
550587
550585
550584
550581
550579
550578
550576
550575
550573
550572
550570
550569
550568
550567
550566
550565
550564
550563
550562
550561
550560
550559
550558
550557
550556
550555
550554
550553
550552
550551
550550
550549
550548
550547
550546
550545
549627
549381
549380
549379
549378
549377
549376
547559
547558
547055
543526
536044
529919
529918
529709
529699
529698
529375
528314
528065
528064
526712
526711
526695
526692
526690
526689
526688
526685
526684
526683
526680
526677
526676
526665
526664
526663
526641
526640
526639
526638
526637
526636
526635
523851
523850
523849
523848
523847
523846
523845
523844
523843
523842
523841
523840
523723
523722
521574
521573
521572
521571
521570
521569
521568
521567
521566
521565
521564
521563
521562
521561
521560
521559
521558
521557
521556
521555
521554
521553
521552
521551
521550
521103
521102
521011
521002
521001
520119
519442
519351
518068
517606
517605
515382
515381
515380
515379
512008
511470
511469
511468
511467
511148
507754
507753
504937
502176
502175
502174
502173
502172
502170
502168
502167
502166
502115
499551
498846
498845
498375
498374
497727
497726
493461
490899
490098
489913
489912
489911
489138
488124
487686
487685
485914
485627
483896
483214
482135
480664
478441
478009
477696
477695
476105
476104
475088
475087
469382
457571
456446
456442
456320
455613
455612
455611
455610
455609
455608
455607
455606
455605
455604
455603
455602
455601
455600
455599
455598
455597
455596
455595
455594
455593
455592
455591
455590
455589
455588
455587
455586
455585
455584
455583
455582
455581
455580
455579
455578
455577
455576
455575
455574
455573
455572
455571
455570
455569
455568
455567
455566
455565
455564
455563
453847
453591
452950
452949
452528
447098
444158
444157
442119
442118
442117
442116
442115
442114
442113
442112
442111
442110
442109
442108
442107
442106
442105
442104
439481
439386
437163
437136
436949
436948
436947
436946
436308
435915
430914
429572
427318
427317
426368
426118
425944
425595
425594
425309
424696
420950
420247
419942
419665
419186
418404
418010
418008
417359
417358
416585
416348
416273
415426
414005
414004
413818
413816
413815
413814
413813
413812
413810
412995
411361
411358
411357
410359
410358
409316
408577
406549
406327
405223
404323
404322
403219
403191
403181
402880
399579
399555
399550
399549
398234
398233
397948
396317
395331
394967
392421
392018
391623
391605
388602
388601
388597
388596
388595
388594
388593
388592
388591
388590
388588
388583
388259
387631
387343
387342
387341
387340
386456
384616
383692
383691
383690
381855
381854
381853
381852
381851
379897
379547
379546
376544
376543
376542
376541
376540
376539
376415
376171
376170
375545
375544
374847
373386
371948
370324
370323
368624
368623
368454
368408
368407
367740
367189
367188
362976
360837
360836
358766
358396
355926
355925
355548
353800
353799
351160
349307
348826
348780
348610
348609
347646
347645
347644
347643
347642
347641
347640
347639
347638
347637
347636
347635
347634
347633
347632
347631
347630
347629
347628
347627
347626
347625
347624
347623
347622
347621
347620
347619
347618
347617
347616
347615
347614
347613
347612
347611
347610
347609
347608
347607
347606
347605
347604
347603
347602
347601
347600
347599
347598
347597
347596
347595
347594
347593
347592
347591
347590
347589
347588
347587
347586
347585
347584
347583
347582
347581
347580
347579
347578
347577
347576
347575
347574
347573
347572
347571
347570
347569
347568
347567
347566
347565
347564
347563
347562
347561
347560
347559
347558
347557
347556
347555
347554
347553
347552
347551
347550
347549
347548
347547
347546
347545
347544
347543
347542
347541
347540
347539
347538
346909
346908
346907
346906
345629
345628
345627
345626
342948
340952
340102
340066
339860
338192
338191
338190
337893
337892
337891
337689
337243
335952
334771
334767
333706
333705
333146
332953
332951
332246
332168
330779
329270
329269
328406
328405
325778
323259
321185
314564
314107
313587
312540
312539
311458
311400
310087
310086
310085
310084
310083
310082
310078
310077
310069
310068
310065
310064
310063
309905
309904
309903
309902
309800
309174
309173
309172
308853
307553
307552
304371
302484
301967
301375
299422
299308
296723
294671
293431
293091
292411
292410
292409
292408
290245
290244
286721
286720
286719
286152
285412
285411
285410
285409
285408
285406
285405
285404
285403
285402
285401
285400
285399
285398
285397
285396
285395
285394
285393
285392
285391
285390
285389
285388
285387
285386
285385
285384
285383
285382
285381
285380
285379
285378
285377
285376
285375
285374
285373
285372
285371
285370
285369
285368
285367
285366
285365
285364
285363
285362
285361
285360
285359
285358
285357
285356
282676
282527
282526
281616
278710
278709
278708
278707
278706
278705
278704
278703
278702
278701
278700
278699
278698
278697
278696
278695
278694
278693
278692
278691
278690
278689
278688
278687
278686
278685
278684
278683
278682
277988
274855
274854
274046
274044
274043
273116
273075
273063
273057
272844
272569
272557
269797
269667
269251
269250
269249
269248
269247
269246
269245
269244
269242
269241
268739
268735
267377
267368
263906
262503
262502
262501
262500
262499
262498
262497
262496
262495
261390
261389
261388
261387
261291
261290
261026
261025
260753
260478
260477
260475
260474
260473
260472
260471
260470
260469
260468
260467
260466
260465
260464
260463
260462
259564
258888
258887
258886
258885
258884
258883
258882
258881
258880
258879
258878
258877
258876
258875
258874
258873
258872
258871
258870
258512
258511
257466
256826
255616
255472
254206
253161
253108
253107
253106
248371
247023
244363
243232
242703
242697
242696
242694
242693
242620
242129
239108
236503
236502
232849
230361
230356
230355
229980
229731
229730
228908
227863
227598
227597
224756
224402
224325
223182
222984
221078
221077
221076
221075
221074
221073
221072
221071
218300
218299
218298
218297
215779
215778
215777
215775
215774
215773
215772
213585
213231
213185
207809
207243
205957
205948
204050
203193
203135
200415
200414
198240
196137
196136
196119
196118
196117
195522
194842
193568
192991
192990
192989
192952
190977
190976
190975
190974
190818
190192
188937
187880
187879
187878
187420
186497
186057
186056
184117
183988
183980
183968
183967
183963
183939
183925
183924
183762
183761
183760
183759
183758
183757
183756
183713
183581
182779
181486
179637
178306
176309
176308
176307
176306
176305
176294
176233
176232
176231
176230
175632
175631
173970
172049
171541
171540
171539
171538
171537
171536
171534
171164
171163
170861
166585
166584
166583
166582
166500
166279
164850
164452
164451
164450
163003
161724
161353
161352
161351
161350
161349
161348
161347
161346
161345
161344
161343
161342
161341
161340
161339
161338
161337
161336
161335
161334
161333
161332
161331
161330
161329
161328
161327
161326
161325
161324
161323
161322
161321
161320
161319
161318
161317
161316
161315
161314
161313
161312
161311
161310
161309
161308
161307
161306
161305
161304
161303
161302
161301
161300
161299
161298
161297
161296
161241
160846
160804
160233
160232
159090
159089
158791
158790
156457
155863
155862
155321
153212
153150
153149
153148
153147
153146
153145
153144
153143
153134
153133
153132
153131
153130
153129
153128
153127
153126
153125
153124
153123
153122
153121
153120
153119
153118
153117
153116
153115
153114
153113
153112
153111
153110
153109
153108
153107
153106
153105
153104
153103
153102
153101
153100
153099
153098
153097
153096
153095
153094
153093
153092
153091
153090
153089
153088
153087
153086
153085
153084
153083
153082
153081
153080
153079
153078
153077
153076
153075
153074
153073
153072
153071
153070
153069
153068
153067
153066
153065
153064
153063
153062
153061
153060
152156
152155
152154
152153
152152
152151
152150
152149
152148
152147
152146
152007
150757
150051
150050
150049
150048
150047
149947
149709
149708
149707
149706
149705
149704
149703
149702
149701
149700
149579
149578
149577
149576
149575
149574
149573
149572
149571
149570
149569
149568
149567
149566
149565
149564
149563
149562
149561
149560
149559
149558
148449
148448
148263
148262
147536
147535
147534
147533
147532
147531
147530
147529
147528
147527
147526
147525
147524
147523
147522
147521
147520
147519
147518
147517
147516
147515
147514
147513
147512
147511
147510
147509
147508
147507
147506
147505
147504
147503
147502
147501
147500
147499
147183
147182
147181
147180
147179
147178
147177
147176
147175
147174
147173
147172
147171
147170
147169
147168
147167
147166
147164
147162
147161
147160
147159
146991
146990
146989
146988
146987
146986
146985
146984
146983
146982
146981
146980
146979
146978
146977
146976
146975
146974
146973
146972
146971
146970
146920
146826
146825
146268
146267
145263
145262
145261
145260
143152
143151
143150
143149
143148
143147
143146
143145
143144
143143
143142
143141
143140
143139
143138
143137
143136
143135
143134
143133
143132
143131
143130
143129
143128
143127
143126
143125
143124
143123
143122
143121
143120
143119
143118
143117
143116
143115
143114
143113
143112
143111
143110
143109
143108
143107
143106
143105
143104
143103
143102
143101
143100
143099
143098
143097
143096
143095
143094
143093
143092
143091
143090
143089
143088
143087
143086
143085
143084
143083
143082
143081
143080
143079
143078
143077
143076
143075
143074
143073
143072
143071
143070
143069
143068
143067
143066
143065
143064
143063
143062
143061
143060
143059
143058
143057
143056
143055
143054
143053
141974
141846
141062
141061
141060
141059
141058
141057
141056
141055
141054
141053
141052
141051
141050
141049
141048
141047
141046
141045
141044
141043
141042
141041
141040
141039
141038
141037
141036
141035
141034
141033
141032
141031
141030
141029
141028
141027
141026
141025
141024
141023
141022
141021
141020
141019
141018
141017
141016
141015
141014
141013
141012
140619
140618
140617
140616
140615
140614
140287
140286
140285
140284
140283
140282
140281
140280
140279
140278
140277
140276
140275
140274
140273
140272
140271
140270
140269
140268
140267
140266
140265
140264
140263
140262
140261
140260
140259
140258
140257
140256
140255
140254
140253
140252
140251
140250
140249
140248
140247
140246
140245
140236
140235
140234
140233
140232
140231
140230
140229
140228
140227
140226
140225
140224
140223
140222
140221
140220
140219
140218
140217
140216
140215
140214
140213
140212
140211
140210
140209
140208
140207
140206
140205
140204
140203
140202
140201
140200
140199
140198
140197
140196
140195
139207
138903
138510
138509
138508
138507
138506
138505
138504
138503
138502
138501
138500
138499
138498
138497
138496
138495
138494
138493
138492
138491
138490
138489
138488
138487
138486
138485
138484
138483
138482
138481
138480
138479
138478
138477
138476
138475
138474
138473
138472
138471
138470
138469
138468
138467
138466
138465
138464
138463
138462
138461
138407
138406
138405
138404
138403
138402
138401
138400
138399
138398
138397
138396
138395
138394
138393
138392
138391
138390
138389
138388
138387
138386
138385
138384
138383
138382
138381
138380
138379
138378
138377
138376
138375
138374
138373
138372
138371
138370
138369
138368
138367
138366
138365
138364
138363
138362
138361
138360
138359
138358
138357
138356
138355
138354
138353
137651
137650
137649
137648
137647
137646
137645
137644
137643
137642
137641
137640
137639
137638
137637
137636
137635
137634
137633
137632
137631
137630
137629
137628
136642
136641
136640
136639
136638
136637
136636
136635
136634
136633
136632
136631
135506
135505
135504
135503
135502
135501
135500
135499
135498
135497
135407
135406
135405
134989
134873
134872
134871
134870
134869
134813
134460
134459
133822
133815
133814
132958
132957
132956
132955
132954
132953
132952
132951
132950
132949
132948
132947
132946
132945
132944
132943
132942
132941
132940
132939
132938
132937
132936
132564
130048
129848
129789
126734
126487
126486
124424
124423
124060
124059
124058
124057
124056
124055
124054
124053
124052
124051
124050
124049
124048
124047
124046
124045
124044
124043
124042
124041
124040
123952
123951
123950
123949
123948
123947
123946
123945
123942
123783
121872
121871
121765
121764
121763
121762
121761
121760
121277
120963
120929
120928
120927
120926
120925
120924
120923
120922
120921
120920
120919
120918
120917
120916
120457
120456
120433
120426
120425
120424
120222
119862
119861
119434
119227
118883
118126
118062
117937
117936
117335
117334
117333
115547
115534
115413
115074
115073
115072
115071
115070
115069
115068
115067
115066
115065
115064
115063
115062
115061
115060
115059
115058
115057
115056
115055
115054
115053
115052
115051
115050
115049
115048
115047
115046
115045
115044
115043
115042
115041
115040
115039
115038
115037
115036
115035
115029
115028
115027
115026
115025
115024
115023
115022
115021
115020
114584
114581
114575
114574
114573
114572
114566
114559
114558
114539
114534
114533
114529
114380
114378
114376
114243
113653
111955
111716
111715
111714
111713
111712
111711
111710
111709
111708
111707
110499
110498
110497
110496
110495
110494
110493
110492
110491
110490
110489
110488
110487
110486
110485
110484
110483
110482
110481
110480
110443
110442
110164
110163
109046
107628
107627
107626
107625
107624
107623
107622
107621
107042
107041
107040
107039
107038
107037
106207
105851
105850
105577
105576
105575
105574
105573
105572
105571
105570
105569
105568
105567
105566
105565
105564
105563
105562
105561
105058
105057
105056
105055
103558
103557
103556
101192
101191
100743
100742
100741
99938
99007
98847
98199
98198
98197
98196
98195
98194
98193
98192
98191
97937
97936
97935
97934
97933
97932
97931
97930
97929
97928
97927
97847
97846
97845
97714
97713
97712
97711
97710
97709
97393
97133
97132
97125
97124
97123
97122
97121
97120
97119
96502
95944
95930
95929
95928
95927
95926
95925
95924
95923
95922
95921
95920
95865
95864
95863
95862
95861
95860
95173
94695
94694
93740
93739
93738
93737
93736
93735
93734
93733
93732
93731
93730
93729
93728
93727
93726
93725
93724
93198
93197
93196
93195
93194
93193
93192
93191
93190
93189
93188
93187
93186
93185
93184
93183
93182
93181
93180
93179
93178
93177
93176
93175
93174
92894
92893
92892
92891
92890
92889
92888
92887
92886
92885
92884
92883
92882
92881
92790
92789
92788
92787
92786
92785
92784
92783
92782
92781
92780
92779
92778
92777
92776
92775
92774
92773
92772
92771
92770
92769
92768
92767
92766
92765
92764
92763
92762
92761
92760
91560
91559
91319
91318
91317
91316
91315
91314
91313
91312
91311
91310
91309
91308
91307
91306
90909
90330
90329
90328
90327
90326
90142
88890
88724
88723
88404
88249
88248
88247
88246
88245
88244
88243
88242
88241
88240
88239
88238
88237
88236
88235
88234
87734
87457
87456
87455
87454
87453
87452
87451
87450
87449
87448
87447
87446
87445
87444
87443
87442
87441
87440
87439
87438
87437
87436
87435
87434
87433
87432
87431
87430
87429
87428
87427
87426
87425
87424
87423
87422
87421
87420
87419
87418
87417
87416
87415
87414
87413
87412
87411
87410
87409
87408
87407
87406
87405
87404
87403
87402
87401
87400
87399
87398
87397
87396
87395
87394
87393
87392
87391
87390
87389
87388
87387
87386
87385
87384
87383
87382
87381
87380
87379
87378
87377
87376
87375
87374
87373
87372
87371
87370
87369
87368
87055
87054
87053
87052
87051
87050
85505
85504
85503
85502
85501
85500
85499
85498
85497
85496
85495
85494
85398
85397
85396
85395
85394
85393
85392
85391
85390
85389
85388
85387
85386
85385
85384
85383
84599
84597
84592
84156
83986
83985
83984
83983
83982
83868
83867
83816
83565
83483
83482
83225
83171
81456
81455
81454
81453
81452
81451
81450
81449
81448
81438
81417
81416
80936
80934
80933
80932
80931
80930
80929
80928
80927
80926
80925
80924
79930
79929
79781
79780
79779
79778
79777
79770
79769
79601
78995
78994
78993
78992
78991
78990
78989
78988
78318
78317
78316
78315
78314
78313
78312
78311
78310
78309
78308
78307
78162
78161
78160
77776
76887
76886
75624
75623
75622
75621
75620
75619
75618
75617
75616
75615
75614
75613
75459
75458
75457
75456
75455
75454
75453
75452
75451
75450
75449
74969
74968
74967
74610
74279
74278
74277
74276
74275
74274
74273
74272
74263
74262
74261
73913
73128
73127
73126
73007
72803
72612
71998
71997
71518
71280
71152
71151
70771
70601
70318
69947
69656
69655
69540
69527
69525
69014
68985
68911
68359
68358
68357
67760
66851
64777
64776
64775
64774
64773
64772
64771
64770
64769
64768
64767
64766
64765
64764
64763
64762
64761
64760
64759
64758
64757
64756
64755
64754
64753
64752
64751
64750
64749
64748
64713
64602
64091
63743
63742
63740
63128
62970
62609
62608
62320
62319
62254
62252
62249
62246
62243
62240
62236
62233
62229
62225
62221
62218
62213
62210
62208
62206
61858
61609
60847
60846
59277
58667
58290
57705
57668
57174
57173
56763
56688
56636
56635
56545
55802
55758
54262
54261
54260
54259
54258
54257
54256
54255
54254
54253
54252
54251
54250
54249
54248
54247
54120
54077
54076
53953
53952
53426
53425
52130
52001
51970
51969
51968
51967
51589
51203
50339
49900
49899
49898
49547
49341
49340
49339
48510
48509
47311
47305
47304
47303
46770
46769
46659
46632
46631
46630
46540
46539
45989
44930
44557
44470
43928
43927
43776
43687
43080
42879
41980
41675
41674
41673
39669
39664
39456
39441
39152
38027
38026
38025
38024
38023
36738
35746
35745
35743
35742
35616
33867
33865
33861
33005
33004
33003
31932
29540
29294
29292
29291
29288
29287
29284
29283
29282
29281
28892
28890
28889
28442
13773
13769
12915
12914
2322
2321
2320
2319
2317
2316
2315
2314
2309
2308
2307
2303
2302
2301
2287
2286
2285
2284
2283
2281
2280
2279
2278
2277
2276
2275
2273
2272
2271
2270
2269
2268
2267
2266
2265
2264
2263
2262
2261
2260
2259
2258
2257
2256
2254
2252
2251
2250
2249
2248
2247
2246
2242
2239
2238
2237
2236
2235
2234
2233
2232
2231
2226
2225
2224
2223
2222
2221
2220
2215
2214
2210
2209
2208
2207
2206
2205
2204
2203
2202
2201
2200
2199
2198
2197
2195
2194
2193
2192
2191
2190
2189
2188
2187
2186
2184
2183
2182
2181
2180
2179
2178
2177
2176
2175
2173
2172
2171
2163
2162
2161
2160
2159
2158
2157
