3056835
3055127
3055126
3055124
3053649
3053648
3049170
3049169
3049164
3049163
3049162
3045162
3043138
3042150
3040043
3037983
3037982
3036989
3036988
3036987
3036986
3036985
3036983
3036982
3036981
3036980
3036979
3036978
3036977
3036976
3036975
3036974
3036964
3036963
3036962
3036961
3036172
3036171
3036170
3036169
3036157
3036156
3036155
3036154
3036153
3036152
3035926
3035923
3035922
3035921
3018263
3014062
3002864
3002863
2995108
2994961
2994960
2994958
2994957
2993666
2993618
2987744
2987742
2987741
2987740
2987739
2987738
2987737
2986815
2986813
2986812
2986811
2986810
2986809
2986808
2986807
2982590
2982589
2982588
2982524
2978065
2978064
2978063
2978061
2978060
2978059
2978057
2978056
2978055
2978054
2978053
2978052
2978051
2978050
2978049
2978045
2977099
2977098
2976354
2975143
2974824
2974823
2974822
2974821
2973087
2973086
2973082
2972664
2972105
2971453
2971418
2964766
2964747
2962676
2962673
2962672
2962671
2961939
2961598
2961577
2961574
2961571
2961570
2959596
2959595
2959594
2959593
2959592
2953876
2953875
2953056
2953050
2953048
2953046
2953040
2952943
2949323
2949322
2949321
2945980
2945050
2945049
2945048
2945047
2945046
2945045
2945044
2945043
2945042
2945041
2944736
2935804
2934937
2934340
2933265
2932267
2932266
2931977
2931976
2931975
2929773
2928969
2928968
2928967
2928966
2928963
2927691
2927317
2927316
2927315
2927300
2927080
2917812
2917711
2917705
2913940
2913939
2913938
2913937
2913936
2913935
2913913
2913912
2913633
2913632
2911857
2911855
2911854
2910165
2907517
2907507
2907496
2907494
2907493
2905377
2904534
2904532
2904530
2904528
2902624
2902623
2898728
2898727
2898726
2888742
2888740
2888739
2888738
2888735
2886394
2886392
2886390
2886384
2886382
2885759
2885758
2885757
2885756
2885755
2885754
2885753
2885752
2885751
2885750
2885749
2885748
2885747
2885746
2885745
2885744
2885743
2885742
2885741
2885740
2885739
2885738
2885737
2885736
2885735
2885734
2885733
2884876
2884875
2883575
2883566
2883548
2879108
2878679
2878535
2878391
2876573
2876572
2876194
2876193
2876190
2874847
2874285
2872158
2866384
2864960
2864958
2856582
2856576
2856574
2856573
2856066
2856065
2856064
2856054
2856053
2856052
2856051
2848170
2848113
2847860
2846770
2841639
2841590
2841540
2841257
2838775
2838695
2831946
2831941
2830915
2830477
2828780
2827258
2827222
2827221
2827220
2827219
2824673
2824672
2823882
2823880
2823879
2823878
2823877
2823876
2823368
2823143
2822137
2821831
2821830
2821829
2821828
2821827
2821826
2821825
2821824
2821823
2821822
2819533
2816475
2815302
2813029
2811096
2807469
2806916
2806418
2806253
2806252
2800101
2799011
2799009
2799007
2799006
2799004
2799002
2798941
2798940
2798939
2798938
2798937
2798936
2798935
2798934
2798933
2798932
2798931
2798930
2798929
2798928
2798927
2798926
2798925
2798924
2798923
2798922
2798921
2798920
2798919
2798918
2798917
2798916
2798915
2798914
2798913
2798912
2798910
2798909
2798908
2798907
2798906
2798905
2798722
2798580
2798309
2798276
2798275
2798274
2795490
2795018
2795013
2795012
2795011
2792798
2792797
2792796
2792781
2784880
2776706
2774031
2767252
2767083
2767080
2766897
2766896
2765406
2765403
2765402
2761102
2758715
2756141
2756139
2750670
2747817
2743090
2743089
2741724
2739057
2732368
2732160
2731220
2730348
2707018
2705406
2703941
2697467
2692200
2692199
2691917
2689387
2687196
2686037
2685109
2685044
2685009
2684913
2684910
2684908
2678344
2678343
2678336
2677590
2677111
2675099
2675002
2670409
2670397
2668073
2666347
2666345
2666343
2666340
2666333
2666252
2666143
2666142
2666140
2666131
2666130
2663399
2650975
2649730
2649715
2648999
2648975
2648942
2648847
2648758
2648658
2648643
2648451
2648413
2648404
2648369
2648270
2647981
2647824
2647734
2647429
2647391
2646925
2646516
2644672
2644577
2644212
2644072
2643927
2643926
2643768
2643606
2643434
2643314
2642690
2642515
2642439
2642239
2641396
2641301
2641196
2641160
2641124
2641045
2640896
2640627
2639862
2639520
2639165
2639127
2638854
2638694
2638681
2638463
2638438
2638413
2636411
2636108
2636082
2635519
2635145
2634974
2634179
2634096
2633955
2633939
2633810
2633531
2633458
2633343
2633118
2633079
2632651
2632199
2632030
2631942
2631838
2631227
2631116
2631035
2630810
2630403
2629969
2629579
2629569
2629529
2629519
2629106
2628593
2628036
2627676
2627626
2627207
2627164
2626385
2626373
2626337
2626280
2625419
2625373
2625095
2624956
2624677
2623058
2622732
2622499
2622230
2621952
2621923
2621901
2621562
2621513
2620854
2620651
2620628
2620351
2620183
2620051
2619919
2619747
2619730
2619706
2619537
2619388
2619011
2618899
2618161
2618147
2618086
2617738
2617521
2614452
2614450
2614448
2614447
2614260
2614259
2614258
2614242
2614237
2614231
2614229
2613912
2610901
2609416
2608793
2608792
2607664
2607661
2599934
2599820
2599289
2599254
2599198
2599197
2599196
2599185
2598455
2594042
2593994
2592614
2587344
2586965
2586643
2583992
2583990
2583824
2583397
2582955
2582950
2582935
2572044
2571050
2565931
2565781
2565780
2563889
2562280
2559573
2559572
2546568
2546128
2545700
2545693
2545692
2545691
2545690
2545689
2545688
2528831
2517204
2517203
2511997
2511820
2509225
2508724
2505977
2505976
2501796
2501570
2497616
2496908
2491143
2491085
2491083
2490204
2489210
2487751
2487750
2487749
2487747
2487746
2487041
2479928
2478493
2478471
2448471
2448456
2448032
2419781
2304676
2303498
2303497
2303493
2290931
2283796
2283794
2283527
2282139
2268151
2268149
2268146
2259139
2250253
2234134
2220063
2219212
2217661
2216978
2216012
2212850
2203771
2203770
2202724
2202723
2175149
2174848
2162894
2162630
2144190
2138083
2126322
2109282
2107590
2107589
2100760
2099681
2099672
2093798
2093796
2093354
2082189
2077316
2077315
2073113
2071873
2071624
2058097
2055893
2055836
2055155
2052935
2052832
2049879
2045011
2044521
2039236
2039234
2036003
2036001
2035267
2033608
2032630
2022712
2022711
2017965
2017961
2016373
2016361
2014371
2014257
2013823
2004704
1996557
1993653
1985678
1980982
1980647
1980646
1980645
1980531
1980514
1978152
1978122
1973259
1968910
1968909
1968519
1968283
1963280
1963276
1963271
1963270
1963268
1959104
1940235
1940141
1938355
1936272
1936271
1936143
1936141
1936137
1936130
1936121
1935183
1935129
1935053
1935021
1935020
1935019
1935015
1932004
1930624
1927912
1927129
1920749
1919231
1917464
1915988
1915987
1915863
1915698
1915697
1915613
1915612
1915611
1915610
1915415
1915414
1915413
1915412
1915411
1915410
1912923
1912324
1911573
1908202
1903277
1903276
1903181
1898749
1896338
1896162
1896160
1890942
1890941
1890940
1890407
1874706
1874277
1873524
1872699
1867261
1867260
1867258
1855410
1849260
1849069
1846278
1843186
1843185
1841599
1839936
1838285
1826872
1826864
1825023
1821054
1820337
1816183
1811719
1806371
1803513
1803512
1803511
1803510
1801634
1801631
1801617
1801616
1798806
1785090
1783276
1783275
1783263
1779002
1776492
1776334
1775753
1775750
1775544
1774274
1765655
1763448
1763447
1759415
1758255
1751875
1748331
1747778
1747777
1747776
1740633
1740631
1727652
1715806
1712654
1712382
1710541
1710540
1710539
1710538
1710537
1710536
1709414
1706441
1705564
1705562
1705400
1702106
1702097
1700837
1699375
1699371
1696901
1689155
1685047
1685046
1685045
1685044
1685043
1685042
1685041
1685040
1685039
1685038
1685037
1685035
1685034
1685033
1685032
1685031
1685030
1682347
1680828
1680827
1680826
1679096
1679091
1679083
1679076
1679063
1678448
1673428
1671625
1670458
1670455
1658788
1656823
1655640
1655637
1655434
1649645
1644063
1644062
1644061
1644060
1644058
1644057
1644056
1644055
1643678
1633894
1621545
1617642
1615586
1609559
1607946
1607807
1604004
1603555
1593364
1590183
1586233
1586232
1582439
1580092
1577791
1577790
1577789
1577788
1577684
1564986
1564981
1552990
1550566
1550565
1550241
1547898
1547897
1544719
1544718
1542963
1532350
1530091
1530089
1526162
1526114
1515593
1514971
1510466
1510225
1507182
1505907
1500948
1499975
1487865
1483572
1480675
1476858
1470067
1470066
1462472
1462470
1462430
1462428
1462427
1462422
1462419
1462418
1460864
1459637
1457250
1453760
1452366
1450140
1448937
1448935
1448934
1448933
1448860
1436882
1434683
1434681
1434125
1433523
1432426
1431545
1431544
1431282
1429915
1429914
1427151
1427149
1419051
1419050
1416969
1410606
1407499
1407055
1406512
1395169
1392998
1392997
1392996
1392422
1390225
1387974
1387972
1387970
1387968
1387964
1383851
1383844
1383816
1383812
1380430
1379040
1377992
1367881
1365176
1364945
1364940
1364937
1364935
1364933
1353260
1353246
1353158
1348249
1341726
1341552
1334620
1334262
1330492
1330469
1326980
1316941
1301915
1297041
1294262
1294122
1294121
1293048
1293047
1291540
1291539
1277351
1273541
1269201
1269048
1269031
1267564
1264579
1262400
1245458
1242807
1237861
1236180
1235851
1235850
1234667
1234666
1233401
1232219
1229909
1227648
1227480
1220023
1209988
1208620
1202768
1202767
1200300
1198451
1198324
1198301
1198300
1198298
1198296
1198295
1194412
1193105
1187014
1186196
1175445
1175444
1170320
1160895
1131254
1130282
1128108
1126245
1126242
1126241
1126240
1126238
1126237
1126236
1126234
1118068
1117720
1111107
1109624
1109622
1109010
1104572
1104324
1095778
1095776
1090870
1088740
1080712
1080709
1078905
1078904
1077256
1075398
1075397
1073996
1073987
1073986
1073081
1072680
1070314
1052822
1052821
1052820
1052818
1052014
1051667
1051666
1051663
1050719
1050716
1048752
1048396
1046942
1046937
1046933
1046043
1045764
1045359
1045330
1042953
1036679
1036678
1036677
1035797
1034015
1033997
1033996
1017351
1008460
1008195
1008153
1008152
1007084
1007082
1006005
999901
996166
985052
984705
971279
932660
931585
928854
928852
926360
926359
905827
905826
905012
904072
890420
886737
882104
877455
874426
871740
871007
871006
869896
869892
869891
869890
869889
869888
869886
869716
869715
869714
868131
867917
867916
862647
768733
768730
767519
767517
767515
766500
763500
763498
760526
759873
755311
755310
755309
755308
755307
755306
749853
749852
749711
749710
745377
744724
743728
743727
743725
743724
725131
718286
710191
710190
699433
699431
695982
693851
691825
685950
685949
685948
683846
682716
680118
671145
671083
668570
667126
663940
662761
662759
662758
662757
662756
660522
660521
660520
660518
660517
660515
660064
660063
660062
651142
651140
651137
648796
645723
643677
640943
619731
588898
588819
588817
588816
588815
588814
582419
575195
575194
570267
570266
570265
570264
565033
563177
558529
555875
555874
555573
553469
553468
553467
553466
549380
549378
549376
547055
536044
529698
528314
528064
526711
523722
521102
518068
517605
511148
507754
507753
504937
502115
499551
498846
498845
498375
498374
497727
497726
493461
490896
490098
489913
489912
489911
489138
488124
487686
487685
483896
482135
478441
477696
477695
476104
475088
475087
459247
456446
453847
452950
452949
437163
436948
436946
435915
430914
425309
424696
420950
419186
418010
418008
417358
416585
416273
413818
413816
413815
413814
413813
413812
413810
412881
411361
411358
411357
409316
408577
406549
405223
404322
403219
403191
403181
399579
398233
396317
395331
394967
392421
392018
388259
387343
387342
387341
387340
386456
383692
383691
383690
381855
381854
381853
381852
381851
379547
379546
376543
376541
376539
376415
376171
376170
375544
373386
371948
370324
370323
368624
368623
368454
367479
367189
367188
358766
355925
355548
353800
353799
348826
348610
348609
347539
347538
346908
346906
345628
345626
342948
340952
340066
338192
338191
338190
337689
337243
335952
334771
334767
333705
332953
332951
332246
332168
329269
328405
325778
321185
314564
312540
312539
311458
311400
310087
310085
310082
310077
310068
310063
309904
309902
309172
308853
307552
302484
301967
301375
299422
299308
294671
293431
293091
292410
292408
286152
282676
282526
281616
277988
274043
269667
269250
269248
269246
269244
269241
268735
267368
263906
262502
262499
262497
262495
261387
261291
261290
261025
260477
260474
260472
260470
260468
260466
260464
260462
258511
256826
255616
255472
254206
253108
253107
253106
248371
244363
242703
242696
242693
242129
239108
236502
232849
230361
230356
230355
229980
229731
229730
227598
227597
225464
224756
224402
223182
222984
221496
221077
221075
221073
221071
218299
215778
215777
215772
213231
213185
207809
207243
205957
205948
204050
203193
203135
200415
200414
196137
196136
196119
196118
196117
195522
193568
192990
192989
190977
190976
190975
190974
190973
190818
187880
187879
187878
186056
184117
183988
183980
183968
183967
183963
183939
183925
183924
183761
183758
183713
183581
182779
181486
179637
176308
176305
176294
175632
175631
172049
171540
171539
171537
171536
171164
171163
170861
164452
164451
164450
163003
160846
160233
160232
159089
158790
156457
155863
155862
155321
152007
148449
148448
146920
146826
146825
145263
145262
145261
145260
143079
143068
143067
139207
138903
134813
133815
133814
132567
132565
130048
129848
129789
126734
124424
124423
123942
123783
121872
121871
121277
120963
120457
120456
120433
119862
119861
119434
119227
118883
118126
118062
117936
115531
114584
114580
114579
114558
114533
114529
114380
114378
114376
113653
113652
111955
110164
110163
109046
106207
105851
105850
101192
101191
100741
99007
98198
98193
98191
97930
97927
97709
97393
97133
97132
96502
95920
95865
95864
94695
94694
93506
92454
91560
91559
90909
90142
88724
88723
88404
87734
84599
84597
84592
84156
83986
83985
83984
83983
83982
83868
83867
83816
83565
83171
81417
81416
79769
79601
76887
76886
74969
74968
74967
74610
74261
73913
73007
72803
72612
71998
71997
71518
71280
71152
71151
70771
70318
69656
69655
69540
69527
69525
69483
68985
68911
68359
68358
68357
67760
66851
64713
64602
63743
63742
63740
63128
62970
62609
62608
62320
62319
61858
61609
60847
60846
59277
58667
58290
57705
57668
57174
57173
56688
56636
56635
56545
55802
55758
54262
54261
54260
54259
54258
54257
54256
54255
54254
54253
54252
54251
54250
54249
54248
54247
54120
54077
54076
53953
53952
53426
53425
52130
52001
51968
51967
51589
51203
50339
49900
49899
49898
49547
49341
49340
49339
48510
48509
47311
47305
47304
47303
46770
46769
46659
46632
46631
46630
46540
46539
45989
44930
44470
43928
43927
43776
43687
43080
42879
41980
41675
41674
41673
41290
41289
39669
39664
39662
39456
39441
39152
38064
38063
38027
38026
38025
38024
38023
36738
35746
35745
35743
35742
35616
33867
33865
33861
31932
29294
29292
29291
29288
29287
29284
29283
29282
28890
28889
28442
13773
13769
12915
12914
2322
2321
2320
2319
2317
2316
2315
2314
2309
2308
2307
2306
2303
2302
2301
2287
2286
2285
2284
2283
2281
2280
2279
2278
2277
2276
2275
2273
2272
2271
2270
2269
2268
2267
2266
2265
2264
2263
2262
2261
2260
2259
2258
2257
2256
2254
2252
2251
2250
2249
2248
2247
2246
2242
2239
2238
2237
2236
2235
2234
2233
2232
2231
2226
2225
2224
2223
2222
2221
2220
2215
2214
2210
2209
2208
2207
2206
2205
2204
2203
2202
2201
2200
2199
2198
2197
2195
2194
2193
2192
2191
2190
2189
2188
2187
2186
2184
2183
2182
2181
2180
2179
2178
2177
2176
2175
2173
2172
2171
2163
2162
2161
2160
2159
2158
2157
