2886895
2597657
2107591
1455609
1455608
1435377
1434126
1434123
1434122
1434121
1434120
1434119
1434118
1434117
1434116
1434115
1434114
1434113
1434112
1434111
1434110
1434109
1434108
1434107
1434106
1434105
1434104
1432656
1417673
1415626
1410664
1401244
1344584
1343739
1334192
1333847
1324957
1313299
1300164
1300163
1298606
1295373
1295126
1295124
1295123
1295120
1295009
1293586
1293044
1293043
1293042
1293041
1293040
1293039
1293038
1293037
1293036
1268556
1261545
1241935
1238425
1238424
1236903
1236689
1230460
1230459
1230458
1230457
1230456
1230455
1230454
1230453
1230452
1230451
1229908
1227500
1227499
1227498
1227497
1227496
1227495
1227494
1227493
1227492
1227491
1227490
1227489
1227488
1227487
1227486
1227485
1227484
1227483
1227482
1227481
1227468
1227467
1227466
1227465
1227461
1227460
1227459
1227458
1227457
1227456
1227455
1227454
1227453
1227452
1214066
1210908
1204725
1201294
1198449
1185654
1184251
1175296
1163730
1151117
1150674
1132509
1132506
1132505
1132504
1132503
1132502
1132501
1132500
1132499
1132498
1132497
1127228
1122961
1122233
1122231
1122230
1122229
1121945
1121009
1114856
1110509
1104576
1094980
1090322
1069083
1069082
1056495
1053692
1041930
1033806
1028567
1028566
1006006
1001994
999630
990316
985053
940295
940294
937775
933801
931277
930945
930943
926690
926571
911135
911134
911133
911132
911131
911130
911129
911128
911127
911126
911125
911124
911123
911122
911121
911120
911119
911118
911117
911116
886738
882090
880724
867904
859350
859192
797304
797303
797302
797299
797210
797209
797114
796385
795797
768679
768672
768065
765177
743730
698757
697581
694440
694436
694430
694429
693661
679926
679901
675631
671066
671065
666510
662760
662480
662479
662478
662477
662476
662475
647171
647113
644295
637915
637914
634498
634497
633148
619593
604354
593750
593117
591019
589924
588319
583356
579137
573064
573063
572546
572478
555311
547559
547558
543526
529709
523851
523850
523849
523848
523847
523846
523845
523844
523843
523842
523841
523840
521011
521002
521001
519442
490899
485914
483214
469382
457571
456442
456320
453591
444158
444157
439481
439386
436308
429572
427318
427317
426368
426118
425944
420247
419942
419665
416348
415426
414005
414004
410359
410358
406327
402880
399550
399549
397948
391623
391605
387631
384616
374847
368408
368407
362976
358396
351160
349307
348780
340102
339860
333146
330779
323259
313587
309800
304371
273116
273075
273063
273057
272844
272569
272557
269797
268739
267377
261390
259564
243232
228908
224325
213585
192952
190192
188937
187420
186497
178306
79930
79929
70601
69014
33005
33004
33003
29540
28892
