3056835
3056487
3055127
3055126
3055124
3053904
3053649
3053648
3053469
3051168
3050454
3050073
3049170
3049169
3049164
3049163
3049162
3048066
3048039
3048038
3046296
3046295
3046294
3045163
3045162
3045160
3043371
3043138
3042151
3042150
3040043
3037982
3037654
3037652
3037649
3037648
3036989
3036988
3036987
3036986
3036985
3036983
3036982
3036981
3036980
3036979
3036978
3036977
3036976
3036975
3036974
3036967
3036966
3036964
3036963
3036962
3036961
3036172
3036171
3036170
3036169
3036157
3036156
3036155
3036154
3036153
3036152
3035923
3035922
3035921
3034026
3034025
3034024
3034023
3034020
3033939
3033396
3033395
3033392
3033391
3033390
3033389
3033388
3033387
3033386
3033384
3032584
3032580
3032579
3032283
3032281
3032001
3031998
3031996
3031916
3031813
3030637
3028301
3028300
3028299
3028298
3028297
3028296
3028295
3028294
3028293
3026162
3025741
3025728
3025727
3025726
3025662
3025661
3025660
3025659
3025656
3025655
3025654
3025653
3025652
3025647
3022042
3022041
3022040
3022039
3022038
3020830
3018978
3018355
3018264
3018263
3018132
3017187
3014063
3014062
3014035
3002864
3002863
2999069
2998972
2996466
2994962
2994961
2994960
2994959
2994958
2994957
2994426
2994425
2993618
2993314
2992839
2989715
2987745
2987744
2987742
2987741
2987740
2987739
2987738
2987737
2986815
2986813
2986812
2986811
2986810
2986809
2986808
2986807
2983604
2982590
2982589
2982588
2982524
2980181
2979993
2979992
2979991
2979990
2979989
2979988
2979987
2978732
2978283
2978070
2978065
2978064
2978063
2978061
2978060
2978059
2978057
2978056
2978055
2978054
2978053
2978052
2978051
2978050
2978049
2978047
2978046
2978045
2977359
2977099
2977098
2976354
2975143
2974824
2974823
2974822
2974821
2973657
2973087
2973086
2973082
2972665
2972664
2971473
2971472
2971454
2971453
2971418
2969672
2967306
2967129
2964766
2964747
2963434
2963433
2962676
2962673
2962672
2962671
2961994
2961939
2961621
2961599
2961598
2961597
2961596
2961595
2961577
2961574
2961571
2961570
2959596
2959595
2959594
2959593
2959592
2953881
2953876
2953875
2953753
2953751
2953750
2953749
2953748
2953747
2953746
2953057
2953056
2953051
2953050
2953049
2953048
2953047
2953046
2953041
2953040
2952944
2952943
2951804
2951803
2950540
2949995
2949994
2949993
2949323
2949322
2949321
2949307
2945980
2945050
2945049
2945048
2945047
2945046
2945045
2945044
2945043
2945042
2945041
2944737
2944736
2942414
2942413
2942412
2942411
2940280
2938695
2938198
2937524
2937282
2935804
2934938
2934937
2934340
2934174
2934173
2934172
2933293
2933266
2933265
2933264
2932267
2932266
2931977
2931976
2931975
2930984
2930980
2930225
2930224
2930223
2929773
2928969
2928968
2928967
2928966
2928963
2927691
2927317
2927316
2927315
2927300
2927080
2926850
2922398
2917812
2917711
2917705
2913940
2913939
2913938
2913937
2913936
2913935
2913913
2913912
2913642
2913641
2913640
2913639
2913633
2913632
2913262
2912760
2911857
2911855
2911854
2910166
2910165
2907845
2907631
2907630
2907629
2907628
2907517
2907507
2907495
2907494
2907493
2906777
2906776
2905377
2904602
2904243
2902626
2902625
2902624
2902623
2898728
2898727
2898726
2897163
2896368
2896367
2893820
2893177
2888742
2888740
2888739
2888738
2888735
2886895
2886395
2886394
2886393
2886392
2886391
2886390
2886385
2886384
2886383
2886382
2886041
2886040
2885759
2885758
2885757
2885756
2885755
2885754
2885753
2885752
2885751
2885750
2885749
2885748
2885747
2885746
2885745
2885744
2885743
2885742
2885741
2885740
2885739
2885738
2885737
2885736
2885735
2885734
2885733
2885379
2885185
2884876
2884875
2883576
2883575
2883567
2883566
2883549
2883548
2879109
2879108
2878680
2878679
2878535
2878391
2876573
2876572
2876194
2876193
2876190
2874847
2874846
2874626
2874285
2873233
2873232
2872158
2871694
2870563
2866384
2866382
2866381
2864959
2864958
2862870
2861969
2856582
2856574
2856573
2856066
2856065
2856064
2856054
2856053
2856052
2856051
2852089
2848611
2848170
2848114
2848113
2847861
2847860
2846770
2846742
2842513
2841655
2841640
2841639
2841590
2841540
2841257
2838776
2838775
2838695
2838163
2838162
2838161
2838160
2838159
2837493
2836432
2834276
2833567
2833563
2833558
2833557
2833556
2833555
2833554
2833553
2833552
2833551
2833550
2833549
2833548
2833547
2833546
2833545
2833544
2833543
2833542
2833541
2833540
2833539
2833538
2833537
2833512
2833511
2833510
2833509
2833508
2833505
2833504
2833503
2833502
2833501
2833500
2831947
2831946
2831942
2831941
2831058
2830916
2830915
2830478
2830477
2828780
2827259
2827258
2827222
2827221
2827220
2827219
2824673
2824672
2823886
2823885
2823884
2823883
2823882
2823881
2823880
2823879
2823878
2823877
2823876
2823368
2823152
2823144
2823143
2822207
2822137
2821831
2821830
2821829
2821828
2821827
2821826
2821825
2821824
2821823
2821822
2820299
2820298
2819534
2819533
2817952
2817849
2817839
2817025
2816475
2815303
2815302
2814576
2814545
2813583
2813030
2813029
2812551
2811097
2811096
2810537
2807636
2807469
2806916
2806419
2806418
2806254
2806253
2806252
2801032
2800102
2800101
2799012
2799011
2799010
2799009
2799008
2799007
2799006
2799005
2799004
2799003
2799002
2798941
2798940
2798939
2798938
2798937
2798936
2798935
2798934
2798933
2798932
2798931
2798930
2798929
2798928
2798927
2798926
2798925
2798924
2798923
2798922
2798921
2798920
2798919
2798918
2798917
2798916
2798915
2798914
2798913
2798912
2798910
2798909
2798908
2798907
2798906
2798905
2798723
2798722
2798580
2798309
2798276
2798275
2798274
2795491
2795490
2795383
2795018
2795013
2795012
2795011
2792799
2792798
2792797
2792796
2792781
2790999
2790029
2784880
2784385
2778916
2776706
2775498
2774582
2774581
2774580
2774579
2774578
2774577
2774576
2774575
2774574
2774573
2774572
2774571
2774570
2774569
2774568
2774567
2774566
2774565
2774563
2774294
2774186
2767252
2767083
2767080
2766897
2766896
2765406
2765403
2765402
2761102
2759913
2759912
2759911
2759864
2759697
2759696
2758717
2758716
2758715
2756143
2756142
2756141
2756140
2756139
2756138
2756137
2750670
2750669
2747817
2747605
2743090
2743089
2742718
2741724
2739057
2738762
2738759
2738758
2738733
2738732
2738731
2738730
2738684
2738570
2738445
2738444
2735871
2735514
2735513
2735512
2735511
2735510
2735141
2732368
2732160
2731620
2731220
2730349
2730348
2726709
2726707
2726706
2721612
2721611
2721610
2721609
2721608
2721607
2721606
2721605
2721604
2721603
2721602
2721601
2719382
2716718
2716717
2716716
2716715
2716262
2715753
2715752
2715751
2715750
2709783
2707018
2705406
2703941
2697468
2697467
2692200
2692199
2691917
2691038
2691037
2690967
2690782
2690208
2689387
2687197
2687196
2686038
2686037
2685109
2685044
2685009
2684913
2684910
2684908
2682607
2678345
2678344
2678343
2678336
2677590
2677111
2675330
2675329
2675328
2675327
2675326
2675099
2675002
2670412
2670411
2670410
2670409
2670397
2668074
2668073
2668072
2668071
2668070
2668069
2668068
2666349
2666348
2666347
2666346
2666345
2666344
2666343
2666342
2666341
2666340
2666334
2666333
2666253
2666252
2666144
2666143
2666142
2666140
2666131
2666130
2666079
2663726
2663399
2663020
2663019
2660562
2654197
2651577
2650975
2650754
2650753
2650752
2649730
2649715
2648999
2648975
2648942
2648847
2648758
2648658
2648643
2648451
2648413
2648404
2648369
2648270
2647981
2647824
2647734
2647429
2647391
2646925
2646516
2644672
2644577
2644212
2644072
2643927
2643926
2643768
2643606
2643434
2643314
2642690
2642515
2642439
2642239
2641396
2641301
2641196
2641160
2641124
2641045
2640896
2640627
2639862
2639520
2639165
2639127
2638854
2638694
2638681
2638463
2638438
2638413
2636411
2636108
2636082
2635519
2635145
2634974
2634179
2634096
2633955
2633939
2633810
2633531
2633458
2633343
2633118
2633079
2632651
2632199
2632030
2631942
2631838
2631227
2631116
2631035
2630810
2630403
2629969
2629579
2629569
2629529
2629519
2629106
2628593
2628036
2627676
2627626
2627207
2627164
2626385
2626373
2626337
2626280
2625419
2625373
2625095
2624956
2624677
2623058
2622732
2622499
2622230
2621952
2621923
2621901
2621562
2621513
2620854
2620651
2620628
2620351
2620183
2620051
2619919
2619747
2619730
2619706
2619537
2619388
2619011
2618899
2618161
2618147
2618086
2617738
2617521
2614452
2614449
2614448
2614447
2614265
2614264
2614263
2614262
2614261
2614260
2614259
2614258
2614242
2614238
2614237
2614232
2614231
2614230
2614229
2613912
2610902
2610901
2609417
2609416
2608793
2608792
2608079
2608078
2608077
2608076
2608075
2608074
2608073
2608072
2608071
2608070
2608069
2608068
2608067
2608066
2608065
2608064
2608063
2608062
2608061
2608060
2608059
2608058
2608057
2608056
2608055
2608054
2608053
2608052
2608051
2608050
2608049
2607664
2607662
2607661
2606912
2606911
2605695
2605639
2604884
2604883
2604882
2604881
2604880
2604879
2604878
2604877
2604876
2604875
2604874
2604873
2604872
2604147
2603820
2602068
2600597
2600297
2599940
2599939
2599936
2599934
2599926
2599821
2599820
2599399
2599289
2599254
2599198
2599197
2599196
2599185
2598455
2597657
2595067
2594798
2594797
2594042
2594041
2593994
2592614
2591838
2591003
2590886
2588693
2588692
2588691
2587344
2586965
2586643
2584467
2584086
2584085
2583992
2583990
2583824
2582955
2582950
2582935
2579984
2579983
2579982
2579981
2578416
2576309
2575697
2572921
2572044
2571051
2571050
2571048
2569545
2565931
2565781
2565780
2563889
2563600
2562280
2562277
2559573
2559572
2558242
2558173
2552943
2546571
2546570
2546568
2546128
2545700
2545693
2545692
2545691
2545690
2545689
2545688
2528831
2528704
2528703
2528253
2528041
2527877
2527867
2518119
2518118
2518117
2518116
2518115
2518114
2518113
2518112
2518111
2517205
2517204
2517203
2516964
2512240
2511997
2511933
2511932
2511821
2511820
2511191
2509225
2508726
2508724
2508723
2507556
2507075
2505977
2505976
2505975
2505926
2505895
2505891
2505890
2505889
2505888
2505887
2505882
2505881
2505880
2505879
2505878
2505873
2505872
2505871
2505870
2505869
2505868
2505867
2505857
2505856
2505855
2505854
2505853
2505757
2505756
2501796
2500550
2497617
2497616
2497615
2497325
2495426
2491675
2491085
2491083
2491082
2490204
2489210
2487751
2487750
2487749
2487747
2487746
2487041
2485838
2485783
2485498
2483451
2480821
2480582
2479928
2479206
2478979
2478562
2478561
2478559
2478558
2478557
2478556
2478555
2478554
2478553
2478494
2478493
2478476
2478471
2448456
2448032
2419781
2365003
2341021
2341020
2321230
2304676
2303498
2303497
2303494
2303493
2301191
2293855
2293854
2290931
2283796
2283794
2283638
2283527
2282654
2282148
2282147
2282146
2282139
2282135
2282134
2282133
2282132
2282131
2282130
2282129
2282128
2282127
2282126
2282125
2268205
2268204
2268203
2268200
2268198
2268197
2268195
2268188
2268187
2268176
2268151
2268149
2268146
2268143
2268142
2268139
2259673
2259672
2259140
2259139
2250530
2250499
2250498
2250497
2250496
2250495
2250494
2250493
2250492
2250487
2250486
2250485
2250484
2250483
2250482
2250481
2250480
2250479
2250478
2250477
2250476
2250475
2250474
2250473
2250472
2250471
2250470
2250468
2250467
2250466
2250465
2250464
2250463
2250462
2250461
2250460
2250459
2250458
2250457
2250456
2250455
2250454
2250453
2250277
2250276
2250275
2250274
2250273
2250258
2250257
2250256
2250255
2250254
2250253
2249761
2249399
2249398
2249397
2249396
2249395
2249394
2249393
2249392
2249391
2249361
2249327
2234134
2218585
2218537
2218536
2218529
2217661
2216978
2216012
2212850
2203771
2203770
2202732
2202724
2202723
2200890
2200889
2200888
2200887
2200886
2200885
2200884
2200883
2200882
2200881
2200880
2200879
2184756
2184738
2184060
2184052
2175149
2174849
2174848
2173149
2171585
2169593
2163009
2162894
2162630
2161925
2161924
2161923
2161922
2152917
2144190
2138215
2138083
2137971
2137776
2126313
2126312
2126311
2126310
2126309
2126308
2126307
2126306
2126305
2126304
2126303
2126302
2126301
2126300
2126299
2126298
2126297
2126296
2109909
2109908
2109907
2109671
2107591
2107590
2107589
2107577
2100760
2099682
2099681
2099680
2099674
2099673
2099672
2099668
2094122
2093806
2093799
2093798
2093797
2093796
2093792
2082189
2081361
2081360
2081359
2081358
2081357
2081356
2080451
2080321
2080243
2077315
2077206
2077205
2077204
2077203
2077202
2077201
2077200
2077199
2077198
2077140
2073113
2073112
2072416
2071873
2071624
2071605
2070782
2069418
2067986
2066998
2060325
2060324
2060322
2058474
2058097
2056870
2056631
2056630
2056317
2056316
2055906
2055893
2055836
2055155
2053491
2053490
2053489
2052935
2052903
2052835
2052833
2052832
2052831
2052684
2052480
2052170
2052168
2049879
2045011
2044521
2044488
2041147
2039486
2039237
2039236
2039234
2036208
2036002
2036001
2035442
2035441
2035440
2035439
2035438
2035437
2035267
2035255
2035106
2035105
2035104
2035103
2035102
2035101
2035100
2035099
2035098
2033609
2033608
2032688
2032630
2029368
2027460
2026886
2026808
2026803
2026795
2026773
2026768
2026764
2026747
2026739
2026736
2026714
2025351
2025350
2024843
2024301
2023064
2022712
2022711
2022697
2022696
2022695
2022694
2022693
2022692
2022601
2022468
2020871
2020863
2020860
2018670
2017966
2017965
2017961
2016373
2016361
2015588
2014257
2014242
2014241
2014240
2014239
2014238
2013853
2013852
2013824
2013823
2013822
2013821
2013820
2013819
2013818
2013817
2013816
2013815
2013767
2013675
2013674
2013673
2012784
2012534
2012533
2012532
2012531
2012530
2012529
2012528
2012527
2012526
2012525
2012524
2012523
2012522
2012521
2012520
2012519
2012518
2012517
2012516
2012515
2012514
2012513
2012512
2012511
2012510
2012509
2012508
2012507
2012506
2012505
2012504
2012503
2012502
2012493
2012492
2012491
2012490
2012484
2011131
2008440
2007299
2007298
2007297
2007296
2007295
2007294
2006569
2006568
2006183
2006182
2005741
2005740
2005739
2005738
2005261
2005260
2005259
2004705
2004704
2004548
2004547
2003557
1996557
1993653
1987499
1987493
1987492
1987491
1987490
1987489
1987488
1986698
1986697
1986696
1986695
1986694
1986693
1986692
1986691
1986690
1986689
1986688
1986687
1986686
1986685
1986684
1986683
1986682
1985678
1980982
1980981
1980646
1980645
1980530
1980514
1979403
1979218
1979212
1978167
1978166
1978165
1978164
1978163
1978162
1978161
1978160
1978159
1978158
1978157
1978156
1978155
1978154
1978153
1978152
1978126
1978125
1978124
1978123
1978122
1977545
1977540
1975561
1975560
1975559
1975558
1975557
1975556
1975555
1975554
1975533
1974469
1974468
1974467
1974466
1974465
1974464
1974463
1974462
1974461
1974460
1974459
1974458
1974457
1974456
1974455
1974454
1974453
1974452
1974451
1974450
1974449
1974448
1974447
1974446
1974445
1974444
1974443
1974442
1974441
1974440
1974439
1974438
1974437
1974436
1974435
1974434
1974433
1974432
1974431
1974430
1974429
1974428
1974427
1974426
1974425
1974424
1974421
1974420
1974419
1974418
1974417
1974416
1974415
1974414
1974413
1974412
1974411
1974410
1974409
1974408
1974407
1974406
1974405
1974404
1974403
1974402
1974385
1974384
1974383
1974382
1974381
1974380
1974379
1974378
1973259
1973229
1973143
1973142
1973141
1973140
1973139
1973138
1972201
1971748
1970085
1970083
1970082
1969372
1969371
1969370
1968910
1968909
1968520
1968519
1968283
1966352
1966351
1966350
1966346
1965299
1963352
1963339
1963337
1963280
1963275
1963271
1963270
1963268
1961922
1961921
1961920
1961919
1961918
1961917
1961916
1961915
1961697
1961696
1961369
1961137
1961136
1961135
1959104
1955667
1955666
1955636
1955627
1955622
1955621
1954478
1945632
1945631
1945595
1945580
1945579
1945578
1945577
1945576
1940701
1940283
1940235
1940141
1938355
1937005
1937004
1936754
1936753
1936752
1936751
1936750
1936749
1936748
1936747
1936746
1936745
1936744
1936743
1936742
1936741
1936740
1936739
1936738
1936737
1936736
1936735
1936734
1936733
1936732
1936731
1936730
1936729
1936728
1936727
1936726
1936725
1936724
1936723
1936722
1936721
1936720
1936719
1936718
1936717
1936272
1936271
1935978
1935183
1935152
1935141
1935140
1935139
1935138
1935132
1935129
1935128
1935127
1935121
1935120
1935119
1935118
1935117
1935116
1935115
1935114
1935113
1935112
1935111
1935054
1935053
1935021
1935019
1935018
1935017
1935016
1935015
1935003
1934998
1934997
1934996
1934995
1934994
1934993
1934992
1934991
1934990
1934989
1934988
1934987
1934986
1934985
1934984
1934983
1934982
1934981
1934980
1934979
1933927
1933281
1933280
1933279
1933278
1932700
1932360
1932004
1931997
1931229
1930627
1930624
1930022
1929486
1927912
1927150
1927129
1920749
1920697
1920696
1920695
1919232
1919231
1919222
1919221
1919220
1919219
1919218
1919210
1919209
1919208
1919207
1919206
1919205
1919204
1919203
1919202
1919201
1919200
1919199
1919198
1919197
1919196
1919195
1919194
1919193
1919192
1919191
1919190
1919189
1919188
1919187
1919186
1919185
1919184
1919183
1919182
1919181
1919180
1919179
1919178
1919177
1919176
1919175
1919174
1919173
1919172
1919171
1919170
1919169
1919168
1919167
1919166
1919165
1919164
1919163
1919162
1919161
1919160
1919159
1919158
1919157
1919156
1919155
1919154
1919153
1919152
1919151
1919150
1919149
1919148
1919147
1919146
1918501
1918499
1917477
1917476
1917475
1917474
1917473
1917472
1917465
1917464
1917451
1917450
1917434
1917433
1917432
1917431
1917430
1917429
1917428
1916915
1916028
1916027
1916026
1916025
1916024
1916023
1916022
1916021
1916020
1916019
1916018
1916017
1916016
1916015
1916014
1916013
1916012
1916011
1916010
1916009
1916008
1916007
1916006
1916005
1916004
1916003
1916002
1916001
1916000
1915999
1915998
1915997
1915996
1915995
1915994
1915993
1915992
1915991
1915990
1915989
1915988
1915987
1915986
1915985
1915984
1915983
1915982
1915981
1915980
1915979
1915978
1915977
1915976
1915975
1915974
1915973
1915972
1915971
1915970
1915969
1915968
1915967
1915966
1915965
1915964
1915963
1915962
1915961
1915960
1915959
1915958
1915957
1915956
1915955
1915954
1915953
1915952
1915951
1915950
1915949
1915948
1915947
1915946
1915945
1915944
1915943
1915942
1915941
1915940
1915939
1915938
1915937
1915936
1915935
1915934
1915933
1915932
1915931
1915930
1915929
1915928
1915927
1915926
1915925
1915924
1915923
1915922
1915921
1915920
1915919
1915918
1915917
1915916
1915915
1915914
1915913
1915912
1915911
1915910
1915909
1915908
1915907
1915906
1915905
1915904
1915903
1915902
1915901
1915900
1915899
1915898
1915897
1915896
1915895
1915894
1915893
1915892
1915891
1915890
1915889
1915888
1915887
1915886
1915885
1915884
1915883
1915882
1915881
1915880
1915879
1915878
1915877
1915876
1915875
1915874
1915873
1915872
1915871
1915870
1915869
1915868
1915867
1915866
1915865
1915864
1915863
1915862
1915861
1915860
1915859
1915857
1915856
1915855
1915854
1915853
1915852
1915851
1915850
1915849
1915848
1915847
1915846
1915845
1915844
1915843
1915842
1915841
1915840
1915839
1915838
1915837
1915836
1915835
1915834
1915833
1915832
1915831
1915830
1915829
1915828
1915827
1915826
1915825
1915824
1915823
1915822
1915821
1915820
1915819
1915818
1915817
1915816
1915815
1915814
1915813
1915812
1915811
1915810
1915809
1915808
1915807
1915806
1915805
1915804
1915803
1915802
1915801
1915800
1915799
1915798
1915797
1915796
1915795
1915794
1915793
1915792
1915791
1915790
1915789
1915788
1915787
1915786
1915785
1915784
1915783
1915782
1915781
1915780
1915779
1915778
1915777
1915776
1915775
1915774
1915773
1915772
1915771
1915770
1915769
1915768
1915767
1915766
1915765
1915764
1915763
1915762
1915761
1915760
1915759
1915758
1915757
1915756
1915755
1915754
1915753
1915752
1915751
1915750
1915749
1915748
1915747
1915746
1915745
1915744
1915743
1915742
1915741
1915740
1915739
1915738
1915737
1915736
1915735
1915734
1915733
1915732
1915731
1915730
1915729
1915728
1915727
1915726
1915725
1915724
1915723
1915722
1915721
1915720
1915719
1915718
1915717
1915716
1915715
1915714
1915713
1915712
1915711
1915710
1915709
1915708
1915707
1915706
1915705
1915704
1915703
1915702
1915701
1915700
1915699
1915698
1915697
1915696
1915695
1915694
1915693
1915692
1915691
1915690
1915689
1915682
1915681
1915680
1915679
1915678
1915677
1915676
1915675
1915674
1915673
1915672
1915671
1915670
1915669
1915668
1915667
1915666
1915665
1915664
1915663
1915662
1915661
1915660
1915659
1915658
1915657
1915656
1915655
1915654
1915653
1915652
1915651
1915650
1915649
1915648
1915647
1915646
1915645
1915644
1915643
1915642
1915641
1915640
1915639
1915638
1915637
1915636
1915635
1915634
1915633
1915632
1915631
1915630
1915629
1915628
1915627
1915626
1915625
1915624
1915623
1915622
1915621
1915620
1915619
1915618
1915617
1915616
1915615
1915614
1915613
1915612
1915611
1915610
1915609
1915608
1915607
1915606
1915605
1915604
1915603
1915602
1915601
1915600
1915599
1915598
1915597
1915596
1915595
1915594
1915593
1915592
1915591
1915590
1915589
1915588
1915587
1915586
1915585
1915584
1915583
1915582
1915581
1915580
1915579
1915578
1915577
1915576
1915575
1915574
1915573
1915572
1915571
1915570
1915569
1915568
1915567
1915566
1915565
1915564
1915563
1915562
1915561
1915560
1915559
1915558
1915557
1915556
1915555
1915554
1915553
1915552
1915551
1915550
1915549
1915548
1915547
1915546
1915545
1915544
1915543
1915542
1915541
1915540
1915539
1915538
1915537
1915536
1915535
1915534
1915533
1915532
1915531
1915530
1915529
1915528
1915527
1915526
1915525
1915524
1915523
1915522
1915521
1915520
1915519
1915518
1915517
1915516
1915515
1915514
1915513
1915512
1915511
1915510
1915509
1915508
1915507
1915506
1915505
1915504
1915503
1915502
1915501
1915500
1915499
1915498
1915497
1915496
1915495
1915494
1915493
1915492
1915491
1915490
1915489
1915488
1915487
1915486
1915485
1915484
1915483
1915482
1915481
1915480
1915479
1915478
1915477
1915476
1915475
1915474
1915473
1915472
1915471
1915470
1915469
1915468
1915467
1915466
1915465
1915464
1915463
1915462
1915461
1915460
1915459
1915458
1915457
1915456
1915455
1915454
1915453
1915452
1915451
1915450
1915449
1915448
1915447
1915446
1915445
1915444
1915443
1915442
1915441
1915440
1915439
1915438
1915437
1915436
1915435
1915434
1915433
1915432
1915431
1915430
1915429
1915428
1915427
1915426
1915425
1915424
1915423
1915415
1915414
1915413
1915412
1915411
1915410
1914863
1914862
1912923
1912863
1912324
1911685
1911574
1911573
1906667
1906666
1906665
1904752
1903525
1903277
1903276
1903181
1898749
1898379
1898331
1898330
1898329
1898328
1898327
1898326
1898325
1898324
1898323
1897478
1892724
1891280
1891221
1890942
1890941
1890940
1890407
1889002
1889001
1889000
1888999
1888998
1888997
1888996
1888995
1886799
1884871
1884641
1884485
1884223
1882735
1882270
1882268
1882224
1879286
1878999
1874737
1874706
1874277
1873525
1873524
1872699
1872626
1872399
1872114
1872109
1872104
1869245
1869188
1869187
1869186
1868214
1867690
1867689
1867688
1867687
1867686
1867685
1867261
1867260
1867258
1866922
1864608
1860157
1860156
1860100
1860099
1860098
1857768
1855954
1855953
1855952
1855951
1855950
1855874
1855873
1855872
1855871
1855869
1855868
1855867
1855865
1855864
1855863
1855862
1855861
1855860
1855859
1855858
1855410
1853700
1853699
1853698
1853697
1853696
1853695
1853694
1853693
1853692
1853691
1853690
1853689
1853688
1853687
1853686
1853685
1853684
1853683
1853682
1852879
1852878
1852877
1852876
1852875
1852874
1852841
1852704
1851432
1851431
1851430
1849365
1849364
1849261
1849260
1849166
1849069
1846278
1846200
1846199
1846198
1846197
1846196
1846195
1846194
1846193
1846192
1846191
1846190
1846189
1846188
1846187
1846186
1846185
1846184
1846183
1846182
1843185
1841599
1841598
1841597
1841596
1839936
1838285
1837170
1826872
1826864
1825023
1824675
1824674
1824673
1823696
1822031
1822030
1822029
1822028
1822027
1822026
1822025
1822024
1822023
1822022
1822021
1822020
1822019
1822018
1822017
1820337
1820328
1820327
1820007
1820006
1818884
1816183
1814227
1811730
1811729
1811728
1811727
1811726
1811725
1811724
1811723
1811722
1811721
1811720
1811719
1811691
1811690
1811689
1811688
1811687
1811686
1811685
1811684
1811683
1811682
1811681
1811680
1811679
1811678
1811677
1811676
1811675
1811674
1811660
1811659
1811658
1811657
1811656
1811655
1811654
1811653
1811652
1811651
1811650
1811649
1811589
1811588
1811587
1811586
1811585
1811584
1811583
1811582
1809458
1809412
1809411
1809220
1809219
1806371
1805424
1805423
1805422
1805398
1805396
1805395
1805394
1805393
1805392
1805391
1805390
1805389
1805388
1805387
1805386
1805385
1805384
1805383
1805382
1805381
1805380
1805298
1805297
1805296
1805295
1805294
1805293
1805257
1805252
1805251
1805250
1805249
1805248
1805247
1805144
1805143
1805142
1805141
1805140
1805139
1805138
1805137
1805136
1805135
1805134
1805098
1805097
1805096
1805095
1805094
1805093
1805092
1805054
1805020
1805019
1805018
1805017
1805016
1805015
1805014
1805013
1805012
1805011
1805010
1805009
1805008
1805007
1805006
1803822
1803821
1803819
1803818
1803817
1803816
1803815
1803814
1803813
1803514
1803513
1803512
1803511
1803510
1803500
1802470
1802371
1801883
1801882
1801881
1801880
1801634
1801633
1801632
1801631
1801617
1801616
1798806
1798180
1797984
1797983
1797982
1797981
1797980
1797979
1797978
1797977
1797976
1797382
1797381
1797380
1797379
1797378
1797377
1797286
1796494
1796492
1796026
1796025
1796024
1796023
1794908
1794907
1794700
1793961
1789762
1789227
1789226
1785090
1783276
1783275
1783263
1781242
1779372
1779371
1779370
1779369
1779368
1779367
1779002
1776492
1776334
1776333
1776294
1775755
1775754
1775753
1775750
1775544
1769296
1765655
1765057
1765056
1765055
1763447
1761912
1758255
1754039
1754038
1754037
1754036
1754035
1754034
1754033
1754032
1754031
1754030
1754014
1751487
1751486
1751485
1751484
1751483
1751482
1750697
1748333
1748332
1748331
1747777
1747776
1743028
1743027
1743026
1743025
1743024
1740111
1737660
1737659
1737658
1737657
1737656
1737427
1737403
1735328
1735327
1735326
1734053
1734052
1732021
1729970
1729969
1729464
1729463
1729462
1729461
1729459
1729458
1729456
1729455
1729454
1729453
1729451
1729450
1727667
1727666
1727665
1727664
1727663
1727655
1727654
1727653
1727652
1727205
1727204
1727203
1725138
1725137
1720167
1719120
1717185
1717184
1717183
1717182
1717181
1717180
1717179
1717178
1717177
1717176
1715994
1715993
1715992
1715991
1715990
1715905
1715904
1715806
1714526
1714261
1714260
1714259
1714258
1714257
1714256
1714255
1714254
1714253
1714252
1714251
1714250
1713725
1713724
1712654
1712382
1711759
1710542
1710541
1710540
1710539
1710538
1710537
1710536
1706445
1706444
1706443
1706441
1705564
1705562
1705400
1704583
1704582
1704581
1704580
1704579
1704578
1704577
1704576
1704575
1704574
1704573
1704572
1704571
1704570
1704569
1704568
1704567
1704566
1704565
1704564
1704563
1704562
1704561
1702106
1702105
1702104
1702103
1702102
1702097
1701109
1701091
1700837
1700836
1700835
1699376
1699375
1699371
1698785
1698784
1698288
1698287
1698286
1698285
1698284
1698283
1698282
1698281
1698280
1698279
1698278
1698277
1698276
1698275
1698274
1698273
1698272
1698271
1698270
1698269
1698268
1698267
1698266
1698265
1698264
1698263
1698262
1698261
1698260
1698259
1698258
1698257
1692046
1688806
1688805
1688804
1688803
1688802
1688801
1685454
1685135
1685133
1685130
1685129
1685128
1685127
1685126
1685125
1685124
1685047
1685046
1685045
1685044
1685043
1685042
1685041
1685040
1685039
1685038
1685037
1685035
1685034
1685033
1685032
1685031
1685030
1682047
1680828
1680827
1680826
1679489
1679446
1679096
1679095
1679094
1679093
1679091
1679083
1679078
1679076
1679073
1679072
1679071
1679070
1679069
1679068
1679067
1679066
1679065
1679064
1679063
1678448
1678396
1677969
1677968
1677967
1677966
1677965
1677964
1677963
1677952
1675035
1675034
1674981
1674923
1674804
1674803
1674802
1674801
1674800
1674799
1674798
1673428
1671876
1671627
1671626
1671625
1670458
1670455
1663225
1662006
1661714
1661713
1661712
1661711
1658799
1658798
1658797
1658796
1658795
1656823
1655640
1655639
1655637
1655561
1655560
1655434
1653396
1650660
1650659
1650653
1650354
1644062
1644061
1644060
1644057
1644056
1644055
1643678
1641395
1641394
1641383
1641382
1641381
1640512
1638273
1638272
1638271
1638270
1638269
1638268
1638267
1638266
1638265
1638264
1638263
1638262
1638261
1638260
1638259
1638258
1638257
1638256
1638255
1638254
1638253
1638252
1638251
1638250
1638249
1638248
1638247
1638246
1638245
1638244
1638243
1638242
1638241
1638240
1638239
1638238
1638237
1638236
1638235
1638234
1638233
1638232
1638231
1638230
1638229
1638228
1638227
1638226
1638225
1638224
1638223
1638222
1638221
1638220
1638219
1638218
1638217
1638216
1638215
1638214
1638213
1638212
1638211
1638210
1638209
1638208
1638207
1638206
1638205
1638204
1638203
1637524
1637523
1637522
1637521
1637520
1637519
1637518
1637517
1637255
1635287
1635285
1635284
1635283
1633227
1633226
1633225
1630940
1622297
1622207
1622081
1622080
1622079
1622078
1622077
1622076
1619164
1619163
1619162
1619161
1619160
1615945
1615944
1615943
1615942
1615941
1615940
1615939
1615938
1615937
1615936
1615935
1615934
1615933
1615932
1615931
1615930
1615929
1615928
1615927
1615926
1615925
1615924
1615923
1615922
1615921
1615920
1615919
1615918
1615917
1615916
1615915
1615914
1615913
1615912
1615911
1615586
1609968
1609559
1609232
1609231
1608624
1608623
1608466
1608465
1608306
1608305
1608304
1607807
1604004
1603555
1593364
1592728
1592721
1591054
1588931
1586233
1586232
1582797
1582796
1582439
1580092
1579379
1579378
1579377
1579376
1579375
1579374
1579373
1579372
1579371
1579370
1579369
1579368
1579367
1579366
1579365
1579364
1578170
1578169
1577791
1577790
1577789
1577788
1577685
1577684
1571746
1570753
1570752
1570751
1570750
1570749
1570748
1570747
1570746
1570745
1570744
1570743
1570742
1570741
1570740
1570739
1570738
1570737
1570736
1570735
1570734
1570733
1570732
1570731
1570730
1570729
1570728
1570727
1570726
1570725
1570724
1570723
1570722
1570721
1570720
1570719
1570718
1570717
1570716
1570715
1570714
1570713
1570712
1570711
1570710
1570709
1570708
1570707
1570706
1570705
1570704
1570703
1570702
1570701
1570700
1570699
1570698
1570697
1570696
1570695
1570694
1570693
1570692
1570691
1570690
1570689
1570688
1570687
1570686
1570685
1570684
1570683
1570682
1570681
1570680
1570679
1570678
1570677
1570676
1570675
1570674
1570673
1570672
1570671
1570670
1570669
1570668
1570667
1570666
1570665
1570664
1570663
1570662
1570661
1570660
1570659
1570658
1570657
1570656
1570655
1570654
1570653
1570652
1570651
1570650
1570649
1570648
1570647
1570646
1570645
1570644
1570643
1570642
1570641
1570640
1570639
1570638
1570637
1570636
1570635
1570634
1570145
1570144
1570143
1570142
1564960
1564958
1562961
1562741
1562647
1562646
1561964
1553004
1553003
1553002
1553000
1552998
1552997
1552996
1552994
1552993
1552992
1552990
1550566
1550565
1550241
1549666
1549665
1549664
1549663
1549662
1547921
1547898
1547897
1544720
1544719
1544718
1542963
1542047
1542046
1542045
1542044
1542043
1542042
1542041
1542040
1542039
1542038
1542037
1542036
1542035
1542034
1542033
1542032
1542031
1542030
1542029
1542028
1542027
1542026
1542025
1542024
1542023
1542022
1542021
1542020
1542019
1542018
1542017
1542016
1542015
1542014
1542013
1542012
1542011
1542010
1542009
1542008
1542007
1542006
1542005
1540082
1539671
1539670
1539669
1539668
1539667
1538547
1537267
1537266
1537265
1536989
1536988
1536987
1536986
1536985
1536984
1536983
1536982
1536981
1536980
1536979
1536978
1536977
1536976
1536975
1536974
1536973
1536972
1536971
1536970
1536969
1536968
1536967
1536966
1536965
1536964
1536963
1536962
1536961
1536960
1536959
1536958
1536957
1536956
1536955
1535962
1532350
1531428
1529836
1529835
1529834
1529833
1529832
1529831
1529830
1529829
1529828
1529827
1529826
1529825
1529824
1529823
1529822
1529821
1529820
1529819
1529818
1529817
1529816
1529815
1529814
1529813
1529812
1529811
1529810
1529809
1529808
1529807
1529806
1529805
1529804
1529802
1529801
1529800
1529799
1529798
1529797
1529796
1529795
1529794
1529793
1529792
1529791
1529790
1529789
1529788
1529787
1529786
1529785
1529784
1529783
1529782
1529781
1529780
1529779
1529778
1529777
1529776
1529775
1529774
1529773
1529772
1529771
1529770
1529769
1529768
1529767
1529766
1529765
1529764
1529763
1529762
1529761
1529760
1529759
1529758
1529757
1529756
1529755
1529754
1529753
1529752
1529751
1529750
1529749
1529748
1529747
1529746
1529745
1529744
1529743
1529742
1529741
1529740
1529739
1529738
1529737
1529736
1529735
1529734
1529733
1529732
1529731
1529730
1529729
1529728
1529727
1529726
1529725
1529724
1529723
1529722
1529721
1529720
1529719
1529718
1529717
1529716
1529715
1529714
1529713
1529712
1529711
1529710
1529709
1529708
1529707
1529706
1529705
1527612
1527611
1527610
1527301
1526932
1526507
1526506
1526505
1526504
1526503
1526502
1526183
1526182
1526181
1526180
1526179
1526178
1526177
1526176
1526175
1526174
1526173
1526172
1526171
1526170
1526169
1526168
1526167
1526166
1526165
1526164
1526162
1526161
1526160
1526159
1526158
1526157
1526156
1526155
1526154
1526153
1526152
1526151
1526150
1526149
1526148
1526147
1526146
1526145
1526144
1526143
1526142
1526141
1526140
1526139
1526138
1526137
1526136
1526135
1526134
1526133
1526132
1526131
1526130
1526129
1526128
1526127
1526126
1526125
1526124
1526123
1526122
1526121
1526120
1526119
1526118
1526117
1526116
1526115
1526114
1526113
1526112
1526111
1526110
1526109
1526108
1526107
1526106
1526105
1526104
1526103
1526102
1526101
1526100
1526099
1526098
1526097
1526096
1526095
1526094
1526093
1526092
1526091
1526090
1526089
1526088
1526087
1526086
1526085
1526084
1526083
1526082
1526081
1526080
1526079
1526078
1526077
1526076
1526075
1526074
1526073
1526072
1526071
1526070
1526069
1526068
1526067
1526066
1526065
1526064
1526063
1526062
1526061
1526060
1526059
1526058
1526057
1526056
1526055
1526054
1526053
1526052
1526051
1526050
1526049
1526048
1526047
1526046
1526045
1526044
1526043
1526042
1526041
1526040
1526039
1526038
1526037
1526036
1526035
1526034
1526033
1526032
1526031
1526030
1526029
1526028
1526027
1526026
1526025
1526024
1526023
1526022
1526021
1526020
1526019
1526018
1526017
1526016
1526015
1525470
1520800
1519176
1515597
1515595
1515593
1515592
1515591
1514971
1511705
1511219
1511218
1511217
1511216
1511215
1511214
1511213
1511212
1511211
1510984
1510983
1510982
1510981
1510466
1510225
1509504
1509503
1509502
1509501
1509500
1509499
1509498
1508646
1508454
1508164
1506391
1506390
1506389
1505907
1503183
1502295
1502294
1502293
1502292
1502291
1502290
1502289
1500959
1500958
1500957
1500948
1499975
1498500
1498064
1498063
1498062
1498061
1498060
1498059
1498058
1495337
1495336
1495314
1495144
1495067
1494449
1490883
1490881
1490873
1487865
1486396
1486395
1484097
1484096
1483602
1483601
1483600
1483599
1483598
1483597
1483596
1483572
1483403
1483402
1483401
1483400
1483399
1481221
1481220
1481219
1481218
1481217
1481216
1481215
1481214
1481213
1481212
1481211
1481210
1481209
1481208
1481207
1481206
1481205
1481204
1481203
1481202
1481201
1481200
1481199
1481198
1481197
1481196
1481195
1481194
1481193
1481192
1481191
1481190
1481189
1481188
1480730
1480729
1480728
1480727
1480726
1480725
1480724
1480723
1480722
1480721
1480720
1480719
1480718
1480717
1480715
1480714
1480713
1480712
1480711
1480710
1480709
1480708
1480707
1480706
1480705
1480704
1480703
1480702
1480701
1480683
1480682
1480681
1480680
1480679
1480678
1480677
1480676
1480675
1480674
1480673
1480672
1476858
1472186
1472176
1472175
1470067
1470066
1469151
1465595
1465480
1465479
1465478
1465477
1465476
1465475
1465474
1465473
1465472
1465471
1465470
1465469
1465468
1465467
1465466
1465465
1465464
1465463
1465462
1465461
1465460
1465459
1465458
1465457
1465456
1465455
1465454
1465453
1465452
1462430
1462428
1462427
1462422
1462419
1462418
1460874
1460864
1460270
1460269
1460268
1460267
1460266
1460265
1460264
1460263
1459637
1459636
1457250
1455609
1455608
1453760
1453585
1453584
1453583
1453582
1453581
1453580
1453579
1453578
1453577
1453576
1453575
1453574
1453573
1453572
1453571
1452433
1452432
1452353
1452352
1452351
1452350
1452349
1452348
1452347
1452346
1452345
1452344
1452343
1452342
1452341
1452340
1450767
1450766
1450765
1450764
1450763
1450762
1450647
1450646
1450645
1450140
1449316
1449315
1449314
1449313
1449312
1449311
1449310
1449309
1449308
1449307
1449306
1449305
1449304
1449303
1449302
1449301
1449300
1449299
1449298
1449297
1449296
1449233
1449232
1449231
1449230
1449229
1449228
1449205
1449204
1449203
1449202
1449201
1449200
1449199
1449198
1449197
1449196
1449124
1449112
1449111
1449110
1449109
1449108
1449107
1449106
1449043
1449042
1449041
1449040
1449039
1449038
1448937
1448934
1448933
1448860
1448269
1448268
1443138
1443137
1443136
1443135
1443134
1443133
1438597
1437801
1437800
1437799
1437798
1437797
1437796
1437795
1437794
1437793
1437792
1437791
1437790
1437789
1437788
1437787
1437786
1437785
1437784
1436882
1435467
1435377
1434738
1434126
1434125
1434123
1434122
1434121
1434120
1434119
1434118
1434117
1434116
1434115
1434114
1434113
1434112
1434111
1434110
1434109
1434108
1434107
1434106
1434105
1434104
1434103
1434102
1434101
1434100
1434099
1434080
1433523
1432656
1431545
1431544
1431282
1429915
1429914
1428476
1428475
1428474
1428473
1428472
1427427
1427426
1427425
1427424
1427423
1427422
1427421
1427420
1427419
1427418
1427417
1427416
1427415
1427414
1427413
1427412
1427411
1427410
1427151
1427149
1423989
1423988
1423987
1423986
1423985
1423984
1423983
1423982
1423981
1423980
1423979
1423978
1423977
1423976
1423975
1423974
1423973
1423972
1423971
1423970
1423969
1423968
1423967
1423966
1423965
1423964
1423963
1423962
1423961
1423960
1419726
1419724
1419722
1419051
1419050
1419049
1419047
1419046
1419045
1419044
1419043
1419042
1419041
1419040
1419039
1419038
1419037
1419036
1419035
1419034
1419033
1419032
1419031
1419030
1419029
1419028
1419027
1419026
1419025
1419024
1419023
1419022
1418171
1418170
1418169
1418168
1418167
1418166
1418165
1418164
1418163
1418162
1418161
1418160
1418159
1418158
1418157
1418156
1418155
1418154
1418153
1418152
1418151
1418150
1418149
1418148
1418147
1418146
1418145
1418144
1418143
1418142
1418141
1418140
1418139
1418138
1418137
1418136
1418135
1418134
1418133
1418132
1418131
1418130
1418129
1418128
1418127
1418126
1418125
1417673
1416969
1415632
1415626
1411151
1411149
1410664
1410606
1407499
1407055
1406512
1406378
1403361
1403360
1403359
1403358
1403353
1403352
1403351
1403350
1403349
1401244
1401047
1401046
1395169
1395168
1395101
1392998
1392997
1392996
1392240
1390225
1389797
1389796
1389792
1387714
1387370
1387369
1387368
1387367
1387366
1387365
1387364
1387363
1383852
1383851
1383850
1383849
1383848
1383847
1383846
1383845
1383844
1383843
1383842
1383841
1383840
1383816
1383814
1383812
1383811
1383810
1383807
1380434
1380432
1380430
1379702
1379391
1379390
1379389
1379386
1379153
1379114
1379113
1379112
1379111
1379110
1379109
1379108
1379107
1379106
1379105
1379104
1379103
1379102
1379101
1379100
1379099
1379098
1379097
1379096
1379095
1379094
1379093
1379092
1379091
1379090
1379089
1379088
1379087
1379086
1379085
1379084
1379083
1379082
1379081
1379080
1379079
1379078
1379077
1379076
1379075
1379074
1379073
1379072
1379071
1379070
1379069
1379068
1379067
1379066
1379065
1379064
1379063
1379062
1379061
1379060
1379059
1379058
1379057
1379056
1379055
1379054
1379053
1379052
1379051
1379050
1379049
1379048
1379047
1379046
1379045
1379044
1379043
1379040
1379039
1379038
1379037
1379036
1379035
1379034
1379033
1379032
1379031
1379030
1379029
1379028
1379027
1379026
1379025
1378116
1378080
1377992
1367881
1367364
1365947
1365176
1364971
1364970
1364949
1364948
1364947
1364945
1364944
1364943
1364942
1364940
1364938
1364937
1364936
1364935
1364934
1364933
1353260
1353246
1353226
1353158
1350481
1350480
1348473
1348249
1348094
1348093
1344584
1343739
1341726
1341552
1340409
1334510
1334262
1334192
1333847
1333523
1331827
1331355
1330329
1330328
1330327
1328908
1328907
1328846
1328845
1328844
1328843
1328842
1328841
1328840
1328839
1328838
1328837
1328836
1328835
1328834
1328833
1328832
1328831
1328830
1328829
1328828
1328827
1328826
1328825
1328824
1328823
1328822
1328821
1328820
1328819
1328818
1328817
1326980
1325472
1324990
1324989
1324988
1324987
1324986
1324985
1324984
1324983
1324968
1324957
1324312
1323989
1316941
1313313
1313312
1313299
1311628
1306746
1304899
1304898
1303843
1303842
1303841
1302614
1301915
1300164
1300163
1298901
1298900
1298899
1298898
1298897
1298896
1298895
1298894
1298893
1298892
1298891
1298890
1298889
1298888
1298887
1298886
1298885
1298606
1296628
1296627
1296626
1296625
1296624
1296623
1296622
1296621
1296620
1295624
1295373
1295372
1295371
1295370
1295126
1295125
1295124
1295123
1295120
1295009
1294399
1294398
1294262
1294123
1294122
1294121
1293648
1293586
1293355
1293354
1293353
1293352
1293351
1293350
1293349
1293348
1293347
1293346
1293345
1293344
1293343
1293342
1293341
1293340
1293339
1293338
1293337
1293336
1293335
1293334
1293333
1293332
1293331
1293330
1293329
1293328
1293327
1293326
1293325
1293324
1293323
1293322
1293321
1293320
1293319
1293318
1293317
1293316
1293315
1293314
1293049
1293048
1293047
1293046
1293044
1293043
1293042
1293041
1293040
1293039
1293038
1293037
1293036
1291540
1291539
1277351
1274210
1273541
1269870
1269869
1269868
1269867
1269866
1269865
1269864
1269863
1269862
1269861
1269860
1269859
1269858
1269857
1269856
1269855
1269854
1269853
1269852
1269851
1269850
1269849
1269848
1269847
1269846
1269845
1269844
1269843
1269842
1269841
1269840
1269839
1269838
1269837
1269836
1269835
1269834
1269833
1269832
1269831
1269830
1269829
1269828
1269827
1269826
1269825
1269824
1269823
1269822
1269821
1269201
1269048
1269031
1268556
1268060
1267564
1266033
1266032
1266031
1266030
1266029
1266028
1264579
1263399
1263398
1262640
1262639
1262400
1261545
1247924
1245610
1245609
1245460
1245458
1242867
1242866
1242690
1241935
1238428
1238427
1238426
1238425
1238424
1237869
1237498
1237145
1237085
1236903
1236689
1236180
1235850
1234687
1234686
1234685
1234684
1234667
1234666
1234641
1233384
1233042
1232219
1231454
1230460
1230459
1230458
1230457
1230456
1230455
1230454
1230453
1230452
1230451
1229909
1229908
1227648
1227555
1227500
1227499
1227498
1227497
1227496
1227495
1227494
1227493
1227492
1227491
1227490
1227489
1227488
1227487
1227486
1227485
1227484
1227483
1227482
1227481
1227480
1227468
1227467
1227466
1227465
1227464
1227463
1227462
1227461
1227460
1227459
1227458
1227457
1227456
1227455
1227454
1227453
1227452
1224626
1224625
1224624
1224623
1224622
1224621
1224620
1224619
1224618
1224617
1224616
1224615
1224614
1224613
1224612
1224611
1221512
1221511
1220534
1220023
1218244
1218243
1217767
1217766
1217765
1217764
1217763
1217762
1217761
1217760
1217759
1217758
1217757
1217756
1217755
1217754
1217753
1217752
1217751
1217750
1217749
1217748
1217747
1217746
1217745
1217744
1217743
1217742
1217741
1217740
1217739
1217738
1214227
1214066
1210908
1209988
1208696
1208644
1208643
1208642
1208641
1208640
1208639
1208638
1208637
1208636
1208635
1208634
1208633
1208632
1208631
1206094
1206093
1206092
1204725
1204569
1204568
1204567
1204566
1204565
1202768
1202767
1201294
1201015
1201014
1201013
1201012
1201011
1200300
1200261
1200259
1198451
1198449
1198324
1198301
1198300
1198299
1198298
1198297
1198296
1198295
1198259
1198258
1198257
1198256
1198255
1198116
1198115
1197734
1197733
1197732
1197731
1197730
1197729
1197272
1197271
1195988
1195987
1195985
1195984
1195983
1195982
1195977
1195976
1194088
1193105
1193104
1193103
1193102
1193100
1190951
1190950
1190945
1190944
1188262
1186196
1185654
1184481
1184480
1184251
1183377
1182309
1178824
1178823
1177241
1176925
1176924
1176923
1176922
1176921
1176920
1176919
1176918
1176917
1176916
1176915
1176914
1176913
1176912
1176911
1176910
1176909
1176908
1176907
1176906
1176905
1175445
1175444
1175296
1173492
1173491
1173490
1173489
1173488
1173487
1173486
1173485
1173484
1173483
1172566
1170320
1168738
1163730
1162480
1160895
1158366
1158314
1158313
1158312
1158311
1158310
1158309
1158308
1158307
1158306
1158305
1158304
1158303
1158105
1157103
1156706
1151117
1150674
1142200
1142199
1141507
1141506
1141505
1141504
1141503
1141502
1141501
1141500
1141499
1141498
1141497
1134443
1134046
1132509
1132506
1132505
1132504
1132503
1132502
1132501
1132500
1132499
1132498
1132497
1132471
1132419
1131268
1131267
1131266
1130319
1130318
1130317
1130316
1130315
1130314
1130313
1130312
1130306
1130305
1130304
1130303
1130302
1130301
1130300
1130299
1130285
1130284
1130282
1128108
1127228
1126828
1126245
1126244
1126242
1126241
1126240
1126239
1126238
1126237
1126236
1126235
1126234
1122961
1122253
1122233
1122231
1122230
1122229
1121945
1121009
1117720
1114856
1111107
1110545
1110509
1110358
1109010
1105154
1105153
1105152
1105151
1105142
1105053
1104580
1104578
1104577
1104576
1104575
1104572
1104571
1104324
1095778
1095776
1094980
1090556
1090322
1089768
1089767
1089766
1089765
1089764
1089763
1089762
1089761
1089760
1089759
1089758
1089757
1089756
1089755
1089754
1089753
1089752
1089751
1089750
1089749
1089748
1089747
1089746
1089745
1089744
1089743
1089742
1089741
1089740
1089739
1089738
1089737
1089736
1089735
1089734
1089733
1089732
1089731
1089730
1089729
1089728
1089727
1089726
1089725
1089724
1089723
1089722
1089721
1089720
1089719
1089718
1089717
1089716
1089715
1089714
1089713
1089712
1089711
1089710
1089272
1088740
1086623
1085029
1085028
1080712
1080709
1079372
1078905
1078904
1077428
1077427
1077256
1075398
1075397
1073996
1073987
1073986
1073081
1072681
1072680
1072664
1072663
1071743
1071742
1071741
1071740
1071739
1071738
1071737
1071736
1071735
1071734
1071733
1071732
1071731
1071730
1071729
1071728
1071727
1071726
1071725
1071530
1071087
1071086
1071085
1071084
1071083
1071082
1071081
1071056
1070774
1070434
1070314
1069083
1069082
1056495
1054496
1054495
1054494
1054493
1054492
1054491
1054490
1054217
1054144
1053692
1053642
1053641
1053640
1053639
1053638
1053546
1053545
1053544
1053486
1053485
1052841
1052839
1052838
1052833
1052832
1052831
1052830
1052829
1052828
1052827
1052826
1052825
1052823
1052822
1052821
1052818
1052806
1052805
1052804
1052803
1052802
1052801
1052014
1051667
1051666
1051663
1050719
1050716
1049076
1049075
1048752
1048396
1046946
1046942
1046938
1046937
1046934
1046933
1046043
1046042
1046041
1046040
1046039
1045960
1045764
1042954
1042953
1042877
1041930
1036679
1036678
1036677
1034767
1034766
1034015
1033997
1033996
1033806
1033311
1033310
1033309
1033308
1033307
1033306
1033305
1033304
1033303
1033302
1033301
1033300
1033299
1033298
1032475
1028567
1028566
1027374
1027373
1017351
1010306
1008460
1008196
1008195
1008194
1008193
1008192
1008191
1008190
1008189
1008188
1008187
1008186
1008185
1008184
1008183
1008182
1008181
1008180
1008179
1008178
1008177
1008176
1008175
1008174
1008173
1008172
1008171
1008170
1008169
1008168
1008167
1008166
1008165
1008164
1008163
1008160
1008159
1008158
1008157
1008156
1008155
1008154
1008153
1008152
1008151
1008149
1008148
1008147
1008146
1008145
1008144
1008143
1008142
1008141
1008140
1008139
1008138
1007084
1007082
1006006
1006005
1004781
1004779
1004299
1004298
1001994
999630
996653
996166
995840
995839
995838
995837
994838
994837
994318
990316
990142
990141
985053
985052
984989
984988
984987
984986
984985
984984
984983
984982
984981
984980
984979
984978
984977
984914
981622
981621
981620
981619
981618
981617
971279
947541
940295
940294
940206
940202
940201
940200
940199
940198
940197
940196
940195
939553
939552
939551
939550
939549
939548
939547
939546
939545
939544
939543
939542
939541
939540
939539
939538
939537
939536
939535
939534
939533
939532
939531
939530
939529
939528
939527
939526
939525
939524
939523
939522
939521
939520
939519
939518
939517
939516
939515
939514
939513
939512
939511
939510
939509
939508
939507
939506
939505
939504
939503
939502
939501
939500
939499
939498
939497
939496
939495
939494
939493
939492
939491
939490
939489
939488
939487
939486
939485
939484
939483
939482
939481
939480
939479
939478
939477
939476
939475
939474
939473
939472
939471
939470
939469
939468
939467
939466
939465
939464
939463
939462
939461
939460
939459
939458
939457
939456
939455
939454
939453
939452
939451
939450
939449
939448
939447
939446
939445
939444
939443
939442
939441
939440
939439
939438
939437
939436
939435
939434
939433
939432
939431
939430
939429
939428
939427
939426
939425
939424
939423
938411
937775
936449
936448
936447
936446
936445
936444
936443
936442
936441
936440
933801
932661
932660
932659
932658
931585
931277
930945
930943
928852
927082
927081
927080
927079
927078
927077
927076
927075
927074
927073
926690
926571
926360
926359
913336
913335
913333
913322
913105
913104
913103
913025
911135
911134
911133
911132
911131
911130
911129
911128
911127
911126
911125
911124
911123
911122
911121
911120
911119
911118
911117
911116
910934
910933
910932
910931
910930
910929
910928
910927
910926
910925
910924
910923
910162
910161
910160
910159
910158
910157
910156
910155
910154
910153
910152
910151
910150
910149
910148
910147
910146
910145
910144
910143
910142
910141
910140
910139
910138
910137
910136
910135
910134
910133
910132
910131
910130
910129
910128
910127
910126
910125
910124
910123
910122
910121
910120
910119
910118
910117
910116
910115
910114
910113
910112
910111
910110
910109
910108
910107
910106
910105
910104
910103
910102
910101
910100
910099
910098
910097
910096
910095
910094
910093
910092
910091
910090
910089
910088
910087
910086
910085
910084
910083
910082
910081
910080
910079
910078
910077
910076
910075
910074
910073
910072
910071
910070
910069
910068
910067
910066
910065
910064
910063
905826
890424
890420
889962
889948
889512
889342
889341
889340
889339
887427
887426
887425
887424
887423
886738
886737
884421
884420
884419
884418
882104
882090
880724
880155
877505
877455
875876
875875
875874
875873
875872
875871
875870
875869
875868
875867
875866
875865
875864
872324
872323
872322
872321
872320
872026
871740
871007
871006
870524
870523
870522
870521
870520
870519
870518
870517
870516
870515
869896
869894
869893
869892
869891
869890
869889
869888
869886
869885
869884
869883
869716
869715
869714
868131
867917
867916
867915
867904
866790
864518
862193
861286
861285
861284
861283
861282
861281
861280
861279
861278
860906
860905
860904
860903
859350
859192
839668
797304
797303
797302
797299
797210
797209
797114
796387
796386
796385
796337
795797
795341
795099
768733
768732
768730
768679
768672
768065
767519
767518
767517
767516
767515
767331
767330
767329
765177
760527
760526
758583
758582
756883
756414
755311
755310
755309
755308
755307
755306
753893
751944
751943
749852
749710
748766
748765
748764
748763
748762
748761
748147
745778
745377
744725
744724
743775
743731
743730
743729
743725
743724
725131
723884
723883
723882
723881
723286
723285
718286
717764
717763
717762
717761
717760
717759
717758
717757
717756
717755
717754
717753
717752
717751
717750
716859
716858
716857
715306
715305
710191
710190
702986
702385
701664
701660
699433
699431
698757
697581
695995
695994
695993
695992
695991
695990
695989
695988
695987
695986
695985
695984
695983
695982
695981
695980
695979
695978
695977
695976
695975
695974
695973
695972
695971
695970
695969
695968
695967
695966
695965
694440
694436
694430
694429
693851
693661
693417
693416
693415
692267
691825
691824
691823
688576
688575
688162
688161
688160
688159
688158
688157
688156
688155
688154
688153
688152
688151
688150
688149
688148
688147
688146
688145
688144
688143
688142
688141
688140
687692
687691
686322
685950
685949
685948
685720
684813
684812
684811
684810
684809
684808
684807
684806
684805
684804
684803
684802
684801
684800
684799
684798
684797
684796
684795
684794
684793
684792
684791
684790
684789
684788
684787
684786
683846
682725
682724
682723
682722
681375
681374
681373
681372
681371
681370
681369
681368
680118
679926
679901
676056
675631
674516
673860
671145
671083
671066
671065
669447
669446
669445
669444
669443
669442
669441
669440
669439
669438
669437
669436
669435
669434
669433
669432
669431
669430
669429
669428
669427
669426
669425
669424
669423
669422
669421
669420
669419
669418
669417
669416
669415
669414
669413
669412
669411
669410
669409
668570
667138
667137
667135
667126
666510
662762
662761
662760
662759
662758
662757
662756
662480
662479
662478
662477
662476
662475
661447
660522
660521
660520
660519
660518
660517
660516
660515
660296
660064
660063
660062
658110
656203
656202
656201
656200
656199
656198
656197
655464
655463
655462
655461
655460
655459
655458
655457
655456
655455
655454
655453
651142
651137
648796
647376
647171
647113
646490
645723
645279
645278
645277
644295
644281
643748
642521
642520
642519
642518
642517
642516
642515
642514
642513
642512
642511
642510
642509
642508
642507
642506
642505
642504
642503
642502
642501
642500
642499
642498
642497
641831
641561
640943
639883
639882
639881
639880
639879
639878
639877
639876
639875
639874
639873
639872
639871
639870
639869
639868
638776
638775
638774
638773
638772
638771
638770
638769
638768
638767
638766
638765
638764
638763
638762
638761
638760
638614
638613
638612
638611
638610
638609
637915
637914
634498
634497
634157
633148
631354
627958
627707
627706
626330
624176
621006
619742
619731
619593
614233
614232
614231
614230
614229
614228
614227
614226
614225
614224
614223
614222
614221
614220
614219
614218
614217
614216
610264
610263
610262
607051
604354
596430
596429
596428
596427
596426
596425
596424
596423
596422
596421
596420
596419
596418
596417
593750
593539
593538
593537
593536
593535
593534
593117
591488
591019
589924
589466
589465
589464
589463
589462
589461
589460
589459
589458
589457
589455
589454
588898
588816
588815
588814
588797
588319
585976
585975
585974
585973
585972
585971
584993
584983
584982
584981
584980
584979
584978
584977
584976
584975
584974
584973
584972
584971
584970
584969
584968
584967
584656
583356
583269
582571
582419
579137
578164
578163
578162
578161
578160
578159
578158
578157
578156
578155
575195
575194
574570
574338
573742
573064
573063
572546
572478
570267
570266
570265
570264
568875
568420
568419
568418
568417
568416
568415
568414
568413
568412
568411
568410
568409
565033
564708
564707
564706
564705
564704
564703
564702
564701
564698
564697
564695
564694
564693
564692
564691
564690
564689
564688
564687
564686
564685
564684
564683
564682
564681
564680
564679
564678
564677
564676
564675
564674
564673
564672
564671
564670
564669
564668
564667
564666
563177
563043
560048
558529
558154
557884
557883
557882
557881
557880
557879
557878
555875
555874
555574
555573
555572
555311
553469
553468
553467
553466
551103
551102
551101
551100
551099
551098
551097
551096
551095
549372
549371
549370
548434
548433
548432
547559
547558
547055
543526
539889
537615
536044
536043
533293
533292
529709
528314
526564
526392
523853
523851
523850
523849
523848
523847
523846
523845
523844
523843
523842
523841
523840
521011
521002
521001
520558
520557
519442
519355
519354
518068
515167
513519
512747
512746
507758
507754
507753
504937
502115
499551
498846
498845
498375
498374
498372
497727
497726
494406
494013
493461
493159
493158
493157
493156
493155
493154
493153
493152
493151
493150
493149
493148
493147
493146
493145
493144
493143
493142
493141
493140
493139
493138
493137
493136
493135
493134
493133
493132
493131
493130
493129
493128
493127
493126
493125
493124
493123
493122
493121
493120
493119
493118
493117
493116
493115
493114
493113
493112
493111
493110
493109
493108
493107
493106
493105
493104
493103
493102
493101
493100
493099
493098
493097
493096
493095
493094
493093
493092
493091
493090
493089
493088
493087
493086
493085
493084
493083
493082
493081
493080
493079
493078
493077
493076
493075
493074
493073
493072
493071
493070
493069
493068
493067
493066
493065
493064
493063
493062
493061
493060
493059
493058
493057
493056
493055
493054
493053
493052
493051
493050
493049
493048
493047
493046
493045
493044
493043
493042
493041
493040
493039
493038
493037
493036
493035
493034
493033
493032
493031
493030
493029
493028
490899
490896
490174
490098
489913
489912
489911
489138
488124
487687
487686
487685
485914
484017
483896
483214
482135
481739
481738
481737
481736
481735
481734
478441
478009
477696
477695
475846
475088
475087
472294
470442
469382
468513
464028
459513
459362
459361
459360
459359
459358
459357
459356
459355
459354
459353
459352
459351
459350
459247
458814
458813
458812
458811
458810
458809
458808
458807
458806
458805
458804
458803
458802
458801
458800
458799
458798
458797
458796
458795
458794
458793
458792
458791
458790
458789
458788
458787
458786
458785
458784
458783
458782
458781
458780
458779
458778
458777
458776
458775
458774
458773
458772
458771
458770
458769
458768
458767
458766
458765
458764
458763
458762
458761
458760
458759
458758
458757
458756
458755
458754
458753
458752
458751
458750
458749
458748
458747
458746
458745
458744
458743
458742
458741
458740
458739
458738
458737
458736
458735
458734
458733
458732
458731
458730
458729
458728
458727
458726
458725
458724
458723
458722
458721
458720
458719
458718
458717
458716
458715
458714
458713
458712
457571
456446
456442
456320
453848
453847
453591
452950
452949
447105
447104
447103
447101
447100
447099
445928
445534
445533
445532
445531
445530
445529
445528
445527
445526
445524
445523
444158
444157
442956
442693
442692
439481
439386
438867
438866
438698
438697
438696
438695
438694
438693
437163
436981
436980
436979
436978
436977
436308
435915
435878
430914
430622
430621
430620
430619
430618
430617
430616
430615
430614
430613
430612
429572
428985
427318
427317
426368
426118
425944
425595
425309
424995
424994
424993
424696
421488
421487
421486
421485
421484
421483
421482
421481
421480
421479
420995
420950
420316
420315
420247
419942
419665
419187
419186
418706
418024
418023
418022
418021
418020
418019
418018
418017
418016
418015
418014
418013
418012
418011
418010
418009
418008
416876
416585
416348
416273
415680
415679
415678
415677
415676
415675
415426
414473
414472
414471
414469
414468
414465
414005
414004
413980
413967
413966
413965
413820
413819
413818
413817
413816
413815
413814
413813
413812
413810
412902
412882
412881
411361
411358
411357
410359
410358
409316
409182
409181
409180
409179
409178
409177
409176
409175
409043
408577
406552
406551
406550
406549
406327
405763
405223
404378
404377
404376
404375
404374
404373
404372
404371
404370
403220
403219
403193
403192
403191
403190
403189
403188
403187
403186
403185
403184
403183
403182
403181
402993
402992
402880
402872
402871
402870
401468
399579
399550
399549
397948
397210
397209
397208
397207
397206
397205
397204
397203
397202
397201
397200
397199
397198
397197
397196
397195
397194
397193
396374
396317
395601
395331
394968
394967
394295
392421
392420
392019
392018
391623
391605
388740
388350
388349
388348
388347
388346
388345
388344
388343
388342
388341
388259
387957
387631
387629
387628
387627
387626
387625
387343
387342
387341
387340
386456
386077
385954
385953
385952
385951
385950
385570
385569
385568
385567
385566
385565
385564
385563
385562
385561
385560
385559
385558
385557
385556
384616
383692
383691
383690
381855
381854
381853
381852
381851
380728
380727
380726
380725
380724
379547
379546
379480
379472
379471
379470
379469
379468
379467
379361
378400
378399
378398
378397
378396
378395
376415
376171
376170
374847
373386
371024
371023
371022
370972
370971
370970
370969
370968
370967
370966
370965
370964
370963
370962
370961
370960
370324
370323
370106
369504
368624
368623
368454
368408
368407
367813
367812
367811
367810
367809
367808
367757
367480
367479
367189
367188
362976
362894
362893
362892
362891
362890
362889
362888
362887
362886
362885
362884
362883
362882
362881
362880
362879
361579
361578
361577
360872
360871
360870
360869
360868
359307
359275
358766
358396
357354
357353
355548
354108
353800
353799
351160
349307
348826
348780
348610
348609
347538
345590
345589
345588
345587
342949
342948
340952
340951
340950
340703
340702
340102
340066
339860
339723
338961
338960
338959
338192
338191
338190
337689
337243
337046
337045
335952
335951
335068
335067
335066
335065
335064
335063
334773
334772
334771
334770
334767
333146
332953
332951
332567
332246
332168
332099
330779
330390
330389
329282
329275
329274
329273
329272
329271
328513
326916
326915
326914
326913
326912
326911
326910
326909
326908
326907
326906
326905
326904
326903
326902
326901
326900
326899
326898
326897
326896
326895
326894
326893
326892
326891
326890
326889
326888
326887
326886
326534
325778
323743
323742
323740
323739
323259
321886
321185
317008
317007
317006
317005
317004
317003
317002
315462
315461
315460
315459
315458
314564
313587
312540
312539
312538
312537
311458
311400
310778
310777
310776
310775
310774
310773
310772
310771
309800
309466
308853
308761
307565
307564
307563
304371
304234
304211
303364
303363
303362
303361
303360
303359
303358
302846
302484
301967
301375
300648
299422
299308
299069
299068
299067
299066
299065
299064
299063
299062
299061
299060
299059
299058
299057
299056
299055
299054
299053
299052
299051
299050
299049
299048
299047
299046
299045
299044
299043
299042
299041
299040
299039
299038
299037
299036
299035
299034
294677
294676
294671
293431
293091
290611
290067
289235
289234
288911
288910
286152
286118
286117
285257
282676
281616
281438
281437
281436
281435
280614
280613
280612
280611
280610
280609
280608
280607
280606
280605
280604
280603
280602
280601
280600
280599
278053
278052
278051
278050
278049
278048
277988
273116
273075
273063
273057
272844
272569
272557
271430
271429
271428
271427
271426
271425
271176
269797
269667
269443
269231
269230
269229
269228
269227
269226
268743
268741
268739
268738
268737
268736
268735
267453
267452
267451
267450
267449
267448
267447
267446
267445
267444
267443
267442
267441
267440
267439
267438
267437
267436
267435
267377
267368
266022
263906
262299
262298
262297
262296
262078
261391
261291
261290
259564
256826
255616
255472
254206
253108
253107
253106
251321
251320
251319
251318
251317
251316
251315
251314
251313
251312
251028
251027
251026
251025
251024
251023
251022
251021
251020
251019
251018
251017
251016
251015
249397
249396
249395
249394
249393
249392
249391
249390
249389
249388
248371
246969
245739
244363
243898
243232
242927
242705
242704
242703
242702
242701
242129
241576
241575
241574
241573
241572
241571
241370
239108
232849
231716
231715
231558
231557
231556
231555
231554
231553
231552
231551
230361
230360
230359
230358
230356
230355
230324
229980
229734
229731
229730
228908
228414
228225
227599
227598
227597
226006
226005
226004
226003
226001
225464
225463
224756
224723
224722
224721
224720
224719
224402
224325
223182
222985
222984
221497
221496
217171
217024
215777
214471
214470
213585
213231
213209
213208
213207
213206
213205
213204
213203
213202
213201
213200
213199
213198
213197
213196
213195
213194
213193
213192
213191
213190
213189
213188
213186
213185
213184
210398
210397
210396
210395
210394
210393
210392
209902
207809
207243
206131
205957
205948
204050
203193
203164
203135
200415
200414
199008
199007
199006
199005
199004
199003
199002
198929
196137
196136
196119
196118
196117
195525
195524
195523
195522
195521
195520
195519
195518
195517
195516
195515
195514
195513
195512
195101
195100
194956
194955
194954
194953
194952
194951
194950
193568
192989
192952
190977
190976
190975
190974
190973
190818
190192
190125
188937
187880
187879
187878
187583
187582
187420
187305
187087
187061
187060
187059
187058
187057
186497
184117
183988
183980
183968
183967
183963
183939
183925
183924
183713
183581
182779
181486
179637
179634
179633
179632
179631
179630
179629
179540
179539
179538
178603
178602
178601
178600
178306
176294
175632
175631
175551
175550
175549
175548
175547
175546
175545
175544
175543
175542
175541
175540
173517
172049
171717
171716
171539
171536
171164
171163
170968
170861
165757
165215
164452
164451
164450
163008
163007
163006
163005
163004
163003
163002
163001
161295
161245
161244
161243
161242
160846
160432
160233
160232
157834
156457
155863
155862
155321
154119
153314
153313
153312
153311
153310
153309
153308
153307
153306
153305
153304
153303
153302
152301
152007
148449
148448
146920
146826
146825
145263
145262
145261
145260
143067
139409
139207
138903
138616
138615
135836
135416
135415
135414
135413
135412
135411
135410
135409
135408
135191
134815
134814
134813
133814
132570
132569
132568
132567
132566
132565
132564
130048
129848
129789
126734
124423
123942
123783
122420
121872
121871
121278
121277
120963
120512
119862
119861
119434
119227
118883
118126
118062
118058
117561
115538
115537
115536
115535
115534
115533
115532
115531
115530
114587
114585
114584
114582
114580
114579
114578
114577
114576
114529
114380
114378
114376
113653
113652
111968
111967
111966
111965
111964
111963
111962
111961
111960
111959
111958
111957
111955
110164
110163
109046
108142
107807
107723
106207
106117
106116
106115
105851
105850
105621
105620
105619
105618
105583
105178
105177
105176
105175
105174
105173
105172
105171
105170
105169
105168
105167
105166
105165
105164
105163
105162
105161
105160
105159
105158
105157
103799
101192
101191
99938
99894
99893
99892
99891
99890
99889
99888
99887
99886
99885
99007
98259
98258
98257
98256
97393
95864
94695
94694
93928
93927
93536
93535
93534
93533
93532
93531
93530
93529
93528
93527
93526
93525
93524
93523
93522
93521
93520
93519
93518
93517
93516
93515
93514
93513
93512
93511
93510
93509
93508
93507
93506
92462
92461
92460
92459
92458
92457
92456
92455
92454
91619
91560
91559
90909
90427
90426
90142
89624
89622
89621
89620
89619
89618
89612
88773
88724
88723
88404
88225
88224
88223
88137
88136
88135
88134
88003
88002
88001
87997
87996
87989
87734
86625
86624
86623
86622
84600
84599
84597
84592
84156
83986
83985
83984
83983
83982
83868
83867
83816
83565
83521
83171
81417
81416
81404
81403
81402
81401
81400
81399
79930
79929
79680
79601
79451
78509
76887
76886
74969
74968
74967
74610
73913
73007
72803
72612
71998
71997
71518
71280
71252
71249
71248
71247
71244
71152
71151
70773
70772
70771
70601
70318
69656
69655
69540
69528
69527
69525
69523
69498
69497
69496
69495
69494
69493
69483
69015
69014
69013
69009
68985
68911
67760
66852
66851
65820
65421
64713
64602
64091
63743
63742
63740
63128
62970
62609
62608
62320
62319
61858
61609
60847
60846
59822
59277
58290
57705
57174
57173
56688
56636
56635
56545
55802
55758
55399
54262
54261
54260
54259
54258
54257
54256
54255
54254
54253
54252
54251
54250
54249
54248
54247
54120
54077
54076
53953
53952
53708
53426
53425
52130
52001
51967
51678
51589
51203
50339
49900
49899
49898
49547
49341
49340
49339
47659
47311
47305
47304
47303
46770
46769
46659
46632
46631
46630
46540
46539
45989
45200
44930
44470
44099
44098
43928
43927
43776
43687
43080
42879
41980
41675
41674
41673
41291
41290
41289
39671
39670
39669
39668
39667
39666
39665
39664
39663
39662
39456
39441
39152
38064
38063
38027
38026
38025
38024
38023
36738
35749
35747
35746
35745
35744
35743
35742
35616
33869
33868
33867
33866
33865
33861
33006
33005
33004
33003
31936
31932
29567
29540
29295
29294
29292
29291
29288
29287
29286
29285
29284
29283
29282
28892
28890
28889
28442
13774
13773
13769
12915
12914
2322
2321
2320
2319
2317
2316
2315
2314
2312
2309
2308
2307
2306
2303
2302
2301
2288
2287
2286
2285
2284
2283
2281
2280
2279
2278
2277
2276
2275
2273
2272
2271
2270
2269
2268
2267
2266
2265
2264
2263
2262
2261
2260
2259
2258
2257
2256
2254
2253
2252
2251
2250
2249
2248
2247
2246
2243
2242
2239
2238
2237
2236
2235
2234
2233
2232
2231
2226
2225
2224
2223
2222
2221
2220
2215
2214
2213
2210
2209
2208
2207
2206
2205
2204
2203
2202
2201
2200
2199
2198
2197
2196
2195
2194
2193
2192
2191
2190
2189
2188
2187
2186
2184
2183
2182
2181
2180
2179
2178
2177
2176
2175
2174
2173
2172
2171
2164
2163
2162
2161
2160
2159
2158
2157
