3049170
3043138
3036989
3036983
3036978
3036172
3036171
3036170
3036169
3002864
3002863
2987742
2987741
2986815
2982524
2978065
2978064
2978063
2978061
2978060
2978059
2978056
2978055
2978054
2977099
2977098
2973087
2973082
2971473
2971472
2962676
2962673
2962672
2962671
2961939
2961598
2961577
2961574
2961571
2961570
2959596
2959595
2959594
2959593
2945050
2945049
2945048
2945044
2934937
2934340
2932267
2932266
2931977
2931976
2931975
2929773
2928969
2928968
2928967
2928966
2928963
2927317
2927316
2927315
2917812
2917711
2913940
2913939
2911857
2902624
2902623
2898728
2888742
2888740
2885759
2885756
2885751
2885747
2885744
2885741
2884876
2884875
2878679
2878535
2878391
2876573
2876572
2876194
2876193
2876190
2874285
2872158
2866384
2856066
2848170
2846770
2841590
2841257
2838695
2828780
2824673
2823368
2822137
2816475
2798941
2798940
2798939
2798938
2798937
2798936
2798580
2795018
2792798
2792797
2784880
2776706
2766897
2761102
2756141
2756139
2750670
2747817
2743090
2743089
2741724
2739057
2731220
2707018
2692200
2692199
2691917
2689387
2675099
2675002
2666143
2666142
2666140
2650975
2608793
2599289
2598455
2594042
2593994
2592614
2586965
2586643
2583992
2583990
2583824
2565931
2565781
2563889
2562280
2559573
2559572
2546128
2528831
2511997
2509225
2508724
2505977
2505976
2491085
2491083
2487751
2487750
2487749
2487747
2487746
2487041
2479928
2478471
2448456
2448032
2419781
2304676
2283527
2234134
2217661
2216978
2216012
2212850
2175149
2162894
2138083
2107590
2082189
2073113
2071873
2071624
2058097
2055893
2055836
2052935
2052832
2049879
2045011
2044521
2039234
2035267
2032630
2016373
2016361
2014257
2004704
1985678
1980982
1973259
1968283
1959104
1940235
1938355
1935129
1932004
1930624
1927912
1927129
1920749
1915863
1912324
1903277
1903276
1903181
1898749
1874706
1874277
1873524
1872699
1867261
1867260
1867258
1849069
1846278
1841599
1839936
1838285
1826872
1816183
1806371
1803513
1798806
1785090
1776492
1776334
1775544
1765655
1758255
1748331
1715806
1712654
1710541
1710540
1710539
1710538
1710537
1710536
1705564
1705562
1702106
1702097
1699371
1680828
1680827
1679096
1679091
1679083
1679076
1678448
1673428
1671625
1670458
1670455
1615586
1609559
1604004
1603555
1586233
1586232
1582439
1580092
1577791
1577684
1552990
1550566
1550565
1550241
1547898
1547897
1544719
1544718
1532350
1526162
1526114
1515593
1514971
1510466
1510225
1505907
1499975
1487865
1483572
1480675
1476858
1470067
1470066
1462428
1462419
1459637
1457250
1453760
1448860
1436882
1434125
1433523
1431545
1431282
1429915
1429914
1427151
1419051
1419050
1416969
1410606
1407499
1407055
1406512
1395169
1392998
1390225
1383851
1383844
1383816
1383812
1380430
1379040
1367881
1365176
1364945
1364940
1364937
1364935
1364933
1353260
1353246
1353158
1348249
1341726
1341552
1334262
1326980
1316941
1301915
1294262
1294122
1293048
1293047
1291540
1277351
1273541
1267564
1264579
1262400
1245458
1236180
1234667
1232219
1229909
1227648
1227480
1220023
1202768
1202767
1200300
1198324
1198301
1198300
1198298
1198296
1198295
1193105
1186196
1175445
1175444
1170320
1160895
1128108
1126245
1126242
1126241
1126240
1126238
1126237
1126236
1126234
1111107
1109010
1104324
1095778
1095776
1088740
1080712
1078905
1077256
1073996
1073081
1052014
1048396
1046043
1045764
1042953
1036679
1036678
1036677
1034015
1017351
1008460
1008153
1008152
1007084
1006005
996166
985052
971279
932660
931585
926360
890420
882104
877455
869892
869891
869890
869889
869888
869886
869716
869715
868131
867917
867916
768733
768730
767519
767517
767515
755311
755310
755309
755308
755307
755306
745377
725131
718286
710191
710190
699433
699431
693851
691825
683846
680118
671145
668570
667126
662761
662759
662757
660522
660521
660520
660518
660517
660515
660064
648796
640943
619731
588898
582419
575195
575194
570267
565033
563177
558529
555875
555874
555573
553469
553468
553467
553466
547055
536044
528314
518068
507754
504937
502115
498846
498375
497727
493461
490098
489913
489912
489911
489138
488124
487686
487685
483896
478441
477696
475088
456446
453847
452950
452949
437163
435915
430914
425309
424696
420950
419186
418010
418008
416585
416273
413818
413816
413815
413814
413813
413812
413810
411361
411358
411357
409316
408577
406549
405223
403219
403191
403181
399579
396317
394967
392421
392018
388259
387343
387341
387340
386456
383692
383691
381855
381854
381853
381852
381851
379547
376415
376171
373386
370324
370323
368624
368623
368454
367189
358766
355548
353800
348826
348610
348609
342948
340952
340066
338192
337689
337243
335952
334771
332953
332168
325778
321185
314564
312540
312539
311458
311400
308853
302484
301967
301375
299422
299308
294671
293091
286152
282676
281616
277988
269667
268735
267368
263906
261291
261290
256826
255616
254206
253108
253107
248371
244363
242703
242129
239108
232849
230361
230356
229980
229731
229730
227598
227597
224402
223182
222984
213231
213185
207809
207243
204050
200415
195522
190977
190976
190975
190974
187880
187879
187878
184117
182779
181486
179637
176294
175632
175631
172049
171164
170861
164452
164451
163003
160846
160233
160232
156457
155863
155321
152007
148449
148448
146920
146826
145263
145262
145261
139207
138903
130048
129848
129789
126734
123942
123783
121872
121277
120963
119862
119434
119227
118126
118062
114529
114376
113653
111955
110164
110163
109046
106207
105851
101192
99007
97393
94694
91560
90909
88724
87734
84599
84597
84592
84156
83986
83985
83984
83983
83982
83868
83816
83565
83171
81417
79601
76887
74969
74610
73913
73007
72803
72612
71998
71997
71518
71280
71152
70771
70318
69656
69540
69527
69525
68911
67760
66851
64713
64602
63740
63128
62970
62609
62320
62319
61858
61609
60847
59277
58290
57705
57174
56636
56545
55802
55758
54262
54261
54259
54257
54256
54255
54254
54252
54250
54248
54120
54077
54076
53953
53952
53426
52001
51589
51203
50339
49900
49899
49898
49547
49341
49340
49339
47311
47305
47304
47303
46770
46632
46540
46539
44930
44470
43928
43776
43687
43080
42879
41675
41673
39669
39664
39456
39441
39152
38027
38026
38025
38024
38023
36738
35746
35745
35743
35742
35616
33865
29292
29291
29288
29284
29283
29282
28442
13773
13769
12915
2322
2320
2317
2315
2309
2303
2287
2286
2285
2283
2280
2278
2277
2275
2271
2269
2265
2264
2262
2261
2257
2254
2252
2250
2248
2247
2246
2242
2238
2234
2226
2224
2223
2221
2215
2214
2210
2209
2208
2205
2203
2201
2200
2199
2198
2197
2193
2190
2189
2188
2187
2186
2181
2180
2177
2176
2173
2171
2163
2162
2161
