1974406
1974461
1974451
1974465
1974462
1974449
1974468
1974454
1974464
1805424
1974453
351160
304371
1041930
679926
937775
456442
593750
2013819
2013821
2013817
521011
410358
1641394
28892
323259
1277351
2013820
668570
1201294
1201294
1550566
368407
118126
2013822
2013818
349307
990316
301375
1968520
2056317
2013824
1392998
1719120
2072416
2210
1715806
1715806
1036679
1434123
1434106
2209
1882735
1882735
1434111
188937
1434120
1434100
1434110
644295
679901
867904
1094980
1794908
487685
1090322
38026
259564
2226
1353158
2177
1794907
51203
547558
39664
1838285
1839936
2011131
2056316
1903181
2137776
572546
589924
565033
113653
693661
224325
387631
1919169
996166
29295
553468
1679489
797209
1604004
1873524
478009
355548
751944
751944
751944
1407499
1261545
795797
1008153
1919154
1919186
1132509
931277
1227457
1227455
1227456
1238428
1412874
2055893
1048396
1267564
63740
1412871
1383851
2249761
1230454
1227482
1230456
1227484
2032630
416348
1383844
1121945
337243
1173487
1227481
1227485
1230455
1227483
1227467
1227486
1227465
1765655
1227466
35743
1324957
43928
1073996
1070774
1238427
1412873
1085029
1412872
1853690
1853690
756883
699431
362976
1238426
660517
699433
1236180
553467
469382
469382
1227487
553469
555875
755307
1126245
555874
1514971
660520
660521
1210908
553466
1230453
302484
662479
523841
523841
1544718
309800
35746
1227458
1230452
1227461
1476858
662478
662480
1679096
519442
1033806
890420
1325472
1085028
485914
348780
268739
1932360
660518
1367881
797114
767519
634497
272569
1932004
28442
1227452
1230451
1705562
1227453
662476
662475
1333523
558529
797302
1227490
797210
745377
253108
797304
797304
797304
1095778
1227454
358396
148448
1227497
694430
1227498
797299
1495067
1495067
619731
588898
640943
1227499
1114856
1095776
1230460
1227500
308853
29540
1227491
1230458
547559
1227493
1227492
1869245
1230457
392421
1227495
1227494
1230459
543526
1227488
1202768
1186196
373386
1608465
1227496
1416969
1416969
1227489
797303
797303
797303
301967
2005739
1805247
2012506
2013674
2013673
1849261
1849365
1849364
190192
419665
647113
647113
456320
456320
406327
444158
880724
647171
647171
573063
1069083
579137
243232
644281
573064
1301915
523846
680118
187420
49339
79929
145261
2161
877455
868131
118062
1220534
59277
1379702
2162
2025351
1077256
1945579
1561964
339860
1945632
1945580
1945577
1789762
1945578
1945631
55758
49547
47311
1300164
2006182
224719
387957
634498
294671
2173
190976
230361
66851
190974
1609968
190975
1797978
1713724
1713725
1236689
1236689
1769296
2012522
439481
673860
667138
1122961
1122961
507754
312540
261388
333146
333146
74969
273116
273075
2094122
1961136
667135
667137
261391
1673428
1776334
1776334
1705564
1705564
1803813
1803814
529709
342949
1185654
70601
272844
272844
1183377
1609559
54262
1343739
391623
391623
582419
523849
523849
523849
1674923
1635283
604354
1591054
523850
1712654
69014
49899
53952
1432656
71997
277988
72803
1293037
71998
54077
187880
163003
1042877
227598
195522
1505907
593117
246969
246969
1538547
1849166
1841597
1841598
2012493
1706445
1837170
1706444
1706443
1797380
1797382
2041147
1700835
2012513
1779370
1779371
1797377
1797286
1805098
1805019
1805093
2012532
1980982
2035437
2035438
1802371
2035442
2035440
2058097
1353260
1353260
1237085
926571
1459636
1805390
1078905
1499975
1903276
1407055
1640512
1410606
2056631
414004
1001994
1001994
2026886
1582439
1229908
436308
1502295
859350
859350
859350
1580092
718286
1229909
1898749
2024843
1978153
1978156
1978158
1978157
374847
2012519
453591
940295
694429
415426
1273541
2309
272557
1198449
1056495
666510
1410574
1410573
2027460
2184738
1163730
2060324
583356
2012520
399550
1184251
765177
768672
768672
768672
273063
330779
1891280
555311
671065
399549
1006006
1293036
1293036
1326980
41673
41673
1160895
933801
282676
619593
619593
397948
1650660
1650660
572478
985053
768679
999630
1650659
1650659
384616
410359
1104324
1227555
444157
178306
340102
698757
1980939
2035402
2026885
592015
592015
1120987
891968
49896
651822
572547
1872491
47055
561720
645512
352165
1943580
580340
1635274
584708
525903
926567
2013842
1965591
2754
866499
1197717
2010949
309799
515635
511051
2290913
2290919
2290917
2060323
688269
416591
1123384
126741
1288483
126739
2336
390874
590168
1123380
484019
660294
46541
1008305
1871331
381764
1121883
93466
2423
2423
2423
2423
310769
2053689
521045
1330330
1453497
2053567
1236046
660470
660470
660470
1389250
443254
1122195
515440
28234
1006576
1434328
1308979
1122955
1122956
403833
1122954
1434326
1122953
1932697
1640515
2035427
2035426
649638
2026798
670487
869210
276
276
1577051
482827
798128
456163
1111069
498848
751945
743525
56956
526227
873128
1644118
1408545
2058095
2026184
884155
1227551
172827
504728
1339250
937777
694435
709986
2202254
693977
695939
1476583
319795
1489678
200253
856736
745776
1736338
2136176
223556
1309411
57498
1768108
57497
249408
2054903
546414
243230
980427
1182568
317577
2035414
2035406
1960156
2035412
1973917
1973912
1617424
2004467
2004468
661478
1895717
454171
2035411
2035410
2012634
2012635
1661582
1661583
2035409
1895928
2052315
1805075
1805062
525904
1825093
485913
644383
1932716
1805233
1805234
1805225
1805232
1805230
1805224
1797616
1640513
1797662
1797661
1797663
1805077
1797672
1797673
1805084
1805082
1805073
1805070
1805058
479434
1129897
2035421
2035422
309801
2035423
1797660
1797658
2035420
2035419
1799370
2035424
2026731
1926603
2013732
2035418
1926606
1926612
1926611
1926605
2030829
1926604
1926615
1926618
1926613
1926616
1797631
1973942
1797628
1797630
1797629
1797635
1797625
1797640
1797622
1797621
1703394
61435
552811
943347
1217799
1839801
1536648
1536648
1797618
1797652
1797645
1797643
1797656
1797649
1797634
1797627
1797642
1797655
1797624
1797626
316274
70996
71864
186479
357808
383372
765420
1506545
2024553
1707952
326427
480224
872965
1797653
2099665
1703388
1797632
1805005
2013723
926550
1204385
1617416
1617414
1971624
2035417
877466
1703763
1806508
1797650
1797636
1797659
1797657
1797641
1797671
1797637
1797638
1797651
1797669
1797646
1797648
1797654
1797670
2073117
1797639
1797667
1797620
1797668
1797665
1797623
1797647
1797612
1973904
2013729
1797675
1617415
1797644
926569
229919
229919
229921
869279
360411
1797613
1134406
360412
360412
229920
1986204
1678840
1889813
913107
2013727
2013728
2013725
2013726
2013724
1895927
2013731
2055790
2014261
2013813
1801607
1801609
1801605
1801610
1801606
1801604
2055776
1913460
1262794
1916319
1916320
1916229
1916216
1916231
1916218
1262843
2055789
2137880
1262838
1262899
1262759
1262849
1897008
251221
1183438
321332
1188229
317619
317619
1140
1604020
2055762
1662190
2055795
1496688
292564
2107695
2116684
180281
1851505
69042
1916956
2164130
1979185
1910958
316278
1986596
316279
313625
2024872
585423
1280380
585425
110662
166314
166314
1801629
32051
59931
166318
166318
2267259
64471
32052
221360
221359
2024884
1499498
1501269
167542
1501268
329726
1764569
195253
1917166
197221
1394889
322866
1666905
399101
1890733
1890733
1880902
1704291
2055767
82654
1173263
1153
1805292
1980935
927668
945775
1173020
2107692
1641165
1641165
1641165
1574475
1574475
1574623
1574623
1574623
2107701
268115
549789
2107704
102129
1385935
91464
47253
2055771
2055766
1173022
1173027
1454205
1454205
568701
118168
2055769
2055781
2055791
2055774
582515
1919126
1919134
1919144
13035
65093
102232
2107694
2060474
2060473
1641812
1641812
1638788
118163
1921803
65393
497965
2055757
1763363
1453429
391612
43989
165597
111780
1807358
102125
2005460
2107688
1147
1147
1827144
374981
111781
454133
755178
1615909
1617448
292563
1562720
2054282
1781255
1925591
2055778
56110
1705388
203124
1671698
272129
1880991
2040638
2040638
2107705
2107706
756067
756067
179408
2055792
2055794
513049
634502
634502
634502
1637645
1637645
313612
1348334
1348334
671068
671068
671072
1805291
1729650
1729650
671071
671071
59512
329571
388467
2055759
395961
1296344
1173025
1080068
2107700
1922337
2107698
47254
864702
1497020
1934309
1920490
1973484
1552121
1752064
454136
2055770
2055768
1618023
2107693
2107697
251229
2107689
2055787
247279
2049454
1173026
1378066
371196
373994
1973488
2109628
1594576
2005456
1704290
2019572
741277
741277
210994
1137096
987040
1165094
1170562
1337936
1337936
2005462
128403
128403
1479485
1479485
1479485
1479485
1245935
1245935
1245935
1137095
2005464
1233231
1233231
1233231
1940762
551115
1973480
533240
1973482
2052836
1710894
1710888
1973481
46234
1710892
1710886
1710891
1304833
1304833
2005459
56107
272123
1881015
1861711
317936
1085406
75695
1819295
1973477
1840705
1357508
1628743
457944
76335
2038116
1618022
2005467
63737
224013
1844469
1932621
2005458
1869241
28072
1973479
1954171
1973485
99598
231146
1954172
1973478
1973483
266117
643560
2035436
29539
469383
1097667
1097667
2133960
1927122
471855
649764
742818
572010
1262875
1262877
1262876
1262874
1262868
469378
79604
1972561
1235794
1235794
1384484
394340
1531429
1588753
1473216
230658
1965592
1965593
2070688
2070686
479437
502558
242230
2078569
1335613
471189
1965651
1965612
1965630
1965585
1472761
1232426
1965616
626935
521003
445975
1262851
700015
1965294
74426
1381
1393034
633147
1739330
82135
1125712
604330
1321773
1111135
521095
553184
1203602
1299998
1855394
1965579
1965626
1965621
1965625
1965615
2005724
1650658
1313172
1229780
1641811
1280514
1121881
525909
1121877
2035407
1608957
1562887
1839754
298654
1834512
1834515
1834516
573497
795642
683316
106370
1836972
1856
326424
710111
351607
1504319
1871044
1884916
1884634
1884634
1884915
1884907
573600
1884913
1884905
1884914
1884904
1206085
1882833
1907575
1629062
477641
1550230
1522368
1678130
1678130
429133
1736354
1736356
1960309
1052260
333142
1225127
2250581
2250574
1146883
2250576
1550231
1550233
38502
1938746
1938745
1798228
2250580
1798227
1070870
1296565
1137989
1550242
1137994
1190417
1137988
1523247
1564158
2250577
673521
2250575
2303986
1333667
1861
504800
1564159
1137991
1881103
1137993
2201156
927661
134849
446470
58114
1076443
380244
56427
439699
1036182
512350
35752
113562
1869
113567
135947
52697
1287878
512565
649831
1246995
1873464
53367
137265
560556
405436
307120
479978
2135446
745366
1415541
1003110
1655439
1144548
2294034
547162
291594
121616
2070366
686309
2094022
686309
1198245
262898
2202421
709876
285676
1538294
307119
1718947
47864
1185415
2116518
1874
515350
2202420
47874
1945509
1450148
285665
709881
307121
47855
145857
145854
47866
1877
946078
356851
2035249
47871
47865
219305
47854
47858
47872
1881
47857
261654
2035246
299146
356852
369723
391037
299152
568872
2024580
1150864
1150864
709883
644283
227316
683228
479431
1895696
1645681
1090615
663609
2201155
2074
260086
1690815
33907
1895809
1848
1854588
1904967
1904968
366584
675635
675635
1660132
1660131
1987376
2017
1933779
860235
2030
1449976
345341
1045776
211114
2072503
340345
1470176
95161
405948
60894
418495
146035
146035
455193
28042
1500506
33906
995062
414996
405564
995066
673379
995060
1280637
1415542
1933778
84725
1179773
446462
103721
641025
200379
128104
40571
200378
65499
402600
1519492
1586287
68170
84724
531938
531938
1912961
485602
504798
1271860
155976
155974
1193682
909613
909613
1854586
115433
1068978
2018303
589385
490629
587909
664784
530584
1804986
1515610
1904969
1453103
882083
928724
928724
928724
882082
588067
1477506
1401264
687388
882086
1114959
1114959
1852
129921
129921
208439
546365
76021
1284240
227715
227715
589330
1125972
1238180
1911175
31959
394193
112413
546364
76022
369932
218821
1221524
208445
287986
1292037
1905142
443218
2061
47312
239498
57704
1736349
322609
882452
341202
1889262
1903117
1903117
1344003
1077974
1077974
1073574
1073574
1223542
1121927
644548
644548
1223544
1223545
1075090
1075090
875808
875808
84595
122202
1089453
1089453
1108044
1108044
1220583
84139
1108045
158898
2054
1136941
1004901
1223543
417102
36822
1027371
1208314
1220574
2055
260936
168276
191292
1830
685727
38310
103816
223392
293050
1273125
2018041
1905289
2135728
398843
1813677
1517936
2022508
1828
1268303
1736319
1441730
903528
183556
2135729
2183996
1136179
1882769
334542
334542
1165867
933800
679318
33008
1990687
99653
44752
632772
101510
756689
236511
1824
1736458
134984
2213200
247156
1127134
134964
37332
1823
2340916
1538463
208602
228006
1206724
1206724
1141657
455432
45979
279262
85688
37330
640132
679197
679197
1528099
499555
546160
910954
910954
37915
139021
665550
161920
2052657
645127
1287475
1725
43765
1408189
1437874
1032851
1404245
1904962
1737425
858619
858619
1200352
43771
2055947
1581134
1715157
38289
99807
662755
662755
1451189
1035195
1125779
39791
1050174
1431546
1348662
2071994
1224164
1719
1719
65058
571915
35755
553207
2315254
1224163
558173
1072256
196164
1121353
931089
92706
1652495
1310164
1718
1724
191610
1437875
1121362
136857
1224162
1223515
1610489
185761
29321
1544413
1544416
161890
1121357
35756
302449
1161099
525263
38302
585529
441500
187491
401472
156978
1972128
144183
53374
1906333
1906334
1581069
156976
1381111
1381111
160386
649754
1705
161896
161895
1581050
1979527
525264
525264
553206
169292
1739379
525260
28028
161899
38301
146827
43770
1774
1185650
948102
83262
1578165
1520670
280871
56689
1490484
1736457
1961706
1793
444597
85968
85968
1122247
1797
81858
2099693
36811
1834080
1834077
39691
75922
912594
1747766
350058
39687
758802
2039281
1786
2135747
36814
1213407
1799
1440774
1440774
1545728
1920667
1834111
126673
1772283
1772284
1772285
1226751
1776
1249101
152142
1834149
2267251
1772282
1772286
2048550
59813
39688
278137
370526
1736504
2099695
37916
1736391
1800
212767
1354275
318424
39692
1771
1682113
1936029
1879023
39695
1834117
1807
1552759
1834121
28047
564198
1795
1801
258533
228230
258505
1209984
1490482
59750
1772
134601
482462
1834109
146020
1927124
1766
1834154
1796
451644
547163
39693
43304
146017
1802
146018
431269
1908205
1858794
1069220
1834076
1798
354243
1788
1795032
1118379
512402
342002
1782
188915
29314
1108812
875328
723879
386913
1260918
459858
1150591
110505
487514
28045
43348
2049453
1856861
1834097
29311
2162698
480418
1769
53376
398694
169765
1790
44010
292462
47839
324058
459424
1809
1136880
1781
56425
1834094
153971
1778
28445
1768
1487726
1777
1430326
1773
1048245
1305739
1844474
1841861
1841860
243061
1784
154654
1834067
1964395
1964395
470074
1787
486698
220927
185642
1834073
120959
1856859
767916
1834143
1834092
33895
1834066
1834082
1856862
1834138
761804
53378
1834128
590652
29313
141349
722731
244292
525368
1780
1783
1834089
1834078
1265311
1041522
1041522
1041522
1041522
1834106
560555
1834134
1834070
1834083
701042
222805
1138383
487521
64667
439334
701041
701043
1469144
1144618
269800
665004
483545
483545
183763
1931232
645275
1122192
1235441
1519494
1434837
1205910
1904965
1938893
1407559
758803
446468
1718951
501010
2231787
111806
471852
1992
58112
2293572
1926885
134959
1904961
240840
2303421
1993
1070861
504805
509200
316330
316330
1652100
2200763
2200763
58117
469371
35622
2666298
2248750
161355
106412
569862
479432
324952
46177
633440
1291556
1144553
2070368
683260
568860
1955414
1805055
479433
479430
159449
76728
2067551
1428644
2219663
235985
1427391
359131
565073
1804758
2064
1703930
1938860
1882771
2126346
2126346
2018025
492776
452652
1348663
1798190
83382
1938835
48665
48665
1894
2035248
2665496
403935
1520580
1380770
943816
2800381
2250578
1286822
518642
933944
1286821
1176198
408015
408015
408015
1857892
2878388
1075402
83291
910347
1510197
1300267
1690221
1196353
1703933
1718998
1703935
2023771
146819
1703932
1100823
1703920
1931
1839762
1519471
1703921
1157630
1895
1919
1048205
83656
310782
310779
310780
1839759
310781
380248
563922
235986
1223523
1678637
35764
1940
66423
1507734
1507734
1331668
2044307
1906
1038928
2080748
1240678
2020330
1971
156453
1609095
1927
35619
1718985
66876
2293571
1160718
1160718
249567
58346
1592327
1609106
67373
1440053
1839780
2282652
141454
1886
1286094
2100817
1765722
1322334
936756
68268
1736535
1703940
1703938
417292
2293568
2259644
1305830
2020326
2292703
2036037
2058924
1428652
2080747
42234
1424099
1120227
1120227
1703922
67332
2315235
2020325
1428628
1428628
146536
1078086
2135609
68262
1761904
1938
661399
67356
1703942
700597
700597
1716141
909626
1737066
1737066
67344
36816
2185284
1736503
1761906
1462558
1838281
1415558
1415546
2109333
1519490
85558
68231
1144883
1284664
55952
1437453
2080746
1840095
1735453
996637
996637
235987
67350
58343
114686
114686
1963
68239
1943
1739111
1761903
1054862
1054862
146820
1839783
1777322
2070367
1283301
284040
2021410
1415549
1079985
358823
146537
487165
698759
934019
285568
68263
1519493
1903
67386
1415544
67285
710705
710705
42236
1776340
1428626
1428626
1305828
1415557
2020324
2267702
1592328
66430
1415555
1882405
1961
1415551
681158
1460244
1460244
1703927
1571774
68223
58340
2035242
68214
68214
253839
1938858
54571
39478
352211
1941
455632
591167
591167
1935
1893
67258
1172567
1172567
1892
457430
457430
1303692
68173
285458
1901
2174846
316280
1535768
53446
1434306
553510
2282738
1576605
1955065
67267
67267
193462
1403539
47763
749414
457427
1343740
653045
653045
653045
67327
1851167
92644
38300
1306406
1306406
285473
362257
1827599
1881019
566461
2072509
1982761
1561022
457428
68249
680198
67304
1453555
1214101
665007
1904616
1827603
1003195
465543
2035251
1886
188770
1642299
1616117
278992
146923
47716
100226
477245
1827580
1885
1827606
2035221
645465
66897
2093747
1907
1890
1926
1355015
1355015
1855348
1214242
264445
146922
1827605
67331
463191
1783515
1938853
40318
2135430
1915
2200760
227882
227882
1855349
2049881
1352936
1725411
2339232
1981511
648780
2670374
419479
561176
479435
1933817
696763
117157
504797
630515
546874
1036181
1032480
546871
1577474
2016507
2268447
675864
75385
2021380
2013647
185243
2013650
1255658
686624
1427523
1610493
1906324
1123357
399497
767029
1332264
33011
1171373
2057246
1747
1170318
999892
999892
1574624
883161
1203605
66712
64702
119981
553198
1962131
1898043
1348852
1736691
2079793
2107713
1736521
1736498
1736540
2292704
585531
585531
1736550
2041
1736379
642780
1736413
1300347
2135677
2138300
1736409
1736416
110319
2133958
1736431
1736408
748909
402596
35761
1045774
51662
1005944
1005945
574651
408672
1844
1844
1881028
196162
35761
2201891
1736488
2045
2135685
1658671
100225
1863
1089455
1089455
1184609
1276
138300
592308
2283195
1904966
2248773
767452
1758689
710696
1619947
584657
1386089
1869167
1641401
1274
419650
1807500
672460
571913
1631356
1193518
1193181
1193181
1194083
1193182
262209
1736393
103817
1210046
857417
587636
1736397
443156
1736399
173053
313589
1736394
1385518
1385520
407159
1385521
1385519
1736539
317664
1881057
512762
266940
559628
218139
1321816
1160091
1150468
857290
864564
1653207
2702
1437605
686666
1293823
1341694
1687
1341695
1437603
1435464
638617
987066
987063
78343
1254439
212365
1693
77635
2045441
2020964
2045438
1630173
1984871
1630162
561180
1692
28025
1688
1690
1960969
2020963
1960968
35760
356829
1437611
78344
78448
1437608
1150461
1630172
473819
1435051
78346
1680
28026
566552
1150460
762209
762211
361854
1681
1505727
78345
1683
1683
1603886
1765219
1630166
2052941
1437610
1437607
2020965
216816
1365962
2052656
2045440
2013649
1043493
1450519
1630135
2069310
1249481
396014
2182385
47847
47845
1331682
2017484
446465
556288
1903186
2017485
862422
948458
1386082
947969
1895740
1408250
2173174
988821
1895739
1295626
446466
1855324
1736339
1736362
1736546
1672219
590998
593907
2003551
43674
43674
1945885
765201
2135723
88382
526729
300560
1300344
548579
446471
743718
620910
285351
1138585
545619
1517881
47482
1612203
264251
1350482
43678
372484
442709
1814289
446469
1736209
648782
471853
556530
1895792
1655435
208480
860221
638953
1434822
1945888
1227261
2175228
59561
1661
1219585
131112
28264
883066
1657
190146
190146
59505
1870995
1870995
888439
52770
1321817
712122
1658
888056
1125718
103621
1937003
1937003
1892869
332524
1960083
52767
2081702
111015
562973
562973
562973
1321818
544580
762963
1655
156892
1912795
1921764
184870
184870
887326
2052
525245
595468
595468
131110
1127690
1127690
1284680
888050
883077
1125717
178339
52773
936548
411466
1739406
888052
1203556
946573
1262550
479117
585530
170994
199591
33889
225845
1136497
31943
629680
273384
273384
234835
1965356
37923
85336
1885016
563032
553201
888019
1236550
1236550
136273
446860
1275
2029858
1049583
223184
72000
72000
1272
1272
1881858
1881858
2174932
652017
317018
272918
1837282
2170744
169134
574650
1273
1391911
465515
71253
556325
2676122
98671
156979
1913576
2184581
1848601
1276920
2020130
2024402
1848595
1904863
453836
1931995
1743140
993071
257984
861360
1933880
1969380
670078
291045
272161
1494608
288705
1618207
92442
656366
656366
1704044
1246476
1246476
1897634
554083
1736410
335973
547334
1681197
1736303
37921
1732020
2171979
156980
1338436
1849032
2017685
290399
2079227
1835723
728066
37927
2020377
1771959
290340
2020486
2703675
1761748
1761745
1279029
1761747
1736232
1736402
1745378
683150
993070
1736271
85085
2183924
861266
1882768
1688693
1736400
361575
1736403
2249742
1357915
1688671
1077972
1077972
1930254
1920889
1045773
29320
1743141
1502752
1736395
1955698
1955698
1610703
1736342
1914304
1736401
1667
2056849
1588022
121292
1642040
1255613
55969
663704
1292023
1686285
2304677
1079994
1895791
218496
529884
535712
2133953
1855377
1081644
2053504
1255656
399736
1330458
684552
153730
256821
256821
1255570
2080583
2080574
2080573
207608
2079575
708131
1987356
904291
1736553
1867410
2293570
1891970
2058180
1895783
582680
1970399
1848693
1333857
1263625
1827324
2013646
1848692
1827294
199592
1848690
2171975
273678
82380
1736279
1736334
1849736
367477
1778770
1736556
104336
1692239
1479651
57043
1177594
1177594
1895782
1895787
400772
1907390
2173179
1761803
1736478
1736483
1736570
370764
1736276
1776083
1504156
1504156
993073
1907391
979556
1933777
1714373
33883
1497340
1761804
300019
2025014
1775956
1213358
1660113
36805
1160710
1160710
162426
273677
912630
1348253
69370
1736323
92835
84292
1048394
2173173
2306585
1159327
1895790
1162967
1870902
2035245
1970540
279828
1328867
1891671
145458
1671680
59737
33887
33888
1266600
1873462
386302
1348338
312284
205941
2183923
1291006
28447
1736329
1795630
1446794
1736282
1735673
1736293
1736311
2175650
2175650
2175659
1898731
1898743
2035
1891920
2175646
2175646
2175647
2036
1561023
1793722
465820
33881
2033654
1502773
1279028
2175619
2175619
1898736
2175645
2175645
1389489
1358026
1895934
2220072
1736496
1736341
1798223
1736426
1933776
123320
150121
110935
1938889
2080582
120213
1619308
381665
1255698
150123
199709
390269
630514
640635
995034
386301
670052
1529318
1001240
1424659
1424661
995038
1736314
1736337
1736525
478010
412690
1969409
1736390
1775951
589382
1736601
232089
453304
1881031
1735688
2135464
1555112
1861639
867903
867903
867903
644966
2599629
1655638
2060920
292459
1051632
33949
28034
2039167
1734398
645991
871738
1844756
999898
871968
871968
871968
871963
871963
871963
756499
756499
756499
272564
1121395
768704
768704
768704
768710
768706
646529
646529
646529
476652
1121420
1487923
1121419
1629714
913865
913865
1633135
1888891
2043169
1617025
1536651
1734396
1605376
498761
2013773
1629719
656914
1734395
635013
281456
2013789
2013775
698762
1325331
1325331
676965
1122241
55779
1266720
1635288
1089553
499207
643648
1123382
690567
335541
2013776
1635275
1246530
870242
246194
661089
477974
1635276
429009
444093
485916
1383067
696281
1121421
868595
1833852
349161
1121428
1121429
1487582
1487582
1838280
1121425
760568
1121432
1629717
1898651
370438
2053590
767817
767817
767817
1121426
1629715
1121424
401526
1123285
1794912
1009370
1009370
1917525
1337886
112901
112900
1123288
1123289
146817
1677858
112903
484770
365349
1123291
1122957
1262915
2049039
626939
568816
1262687
905
84035
158847
742816
491921
2053611
1240085
1120997
1321781
500635
187979
546271
971
1123243
749551
999423
638302
888060
712528
1127695
1127695
936572
585503
1321786
679201
1884263
1403945
879308
879308
1230730
1588754
1262869
742743
1262870
592028
888062
39950
2049049
209880
706434
861450
1111454
2144175
1122219
1675036
349095
1064535
1603888
1776081
883156
1262980
103891
1401067
1128111
1128111
1110546
1298594
248315
29466
1403932
39778
1911679
2027459
1298595
748449
1413210
574087
142842
373903
321763
656519
572479
54121
56779
43595
29563
1775675
2060923
2060924
1120990
1120989
555088
457570
759412
1209989
224999
224999
520767
555079
520764
447595
551788
937334
697281
632292
632348
632335
521460
632516
632516
632516
351627
608506
632518
1121911
1121256
1550240
1517
1094508
1094508
858215
858215
858215
1421016
273068
340099
509193
509193
580331
583358
2325
697303
697303
697303
880478
1198630
1198630
1123369
589861
29350
2060921
826
187101
34105
596323
1321779
712357
1785996
712368
157687
523794
634994
1227268
1321774
2053555
572544
1319815
180163
861
856
469616
469616
858
1161424
469615
469615
134605
76856
1307443
861452
36849
1121307
1403537
1147123
941824
1121262
29344
857293
908809
1041504
1840217
1658742
994573
994573
994573
2053595
398199
573061
1216932
1450648
1776758
1121298
1121295
99675
1502
1267
1533
84698
1529
1294142
1294142
1121302
1561
1121339
182773
46867
457396
457396
1202534
1262780
1262787
94869
545697
84024
29363
52704
1761781
394958
394958
119641
137838
1492
36745
1345695
29367
225345
1196322
1520
223919
1552
2082193
1121331
1121306
1121338
1418104
1354301
318464
1321778
1881060
1121316
386415
1443114
1443114
1121318
1121305
1121340
1262449
1262449
1262449
1121291
747377
863638
2052574
36839
36839
36839
36839
1121310
1121310
1560217
1962263
39481
471871
1491
1491
1513
1494
1289519
1487921
1553
1121290
1519
2068654
1121326
1548
536227
332101
431943
1691940
1353534
1538
1705578
84023
1734399
1122184
645887
2049045
1120975
445971
2184575
931626
52689
1872094
52694
1899015
887929
1528
81409
1487
2041044
2041044
1736
53442
1304284
1156417
1302151
1889883
415015
39480
1128398
1503
1121476
1891289
1123281
1123352
1288971
2053631
1123403
1280483
43131
2081703
46507
755172
1588750
573058
33030
1120995
575609
1912856
862517
1111134
596330
1739305
1261639
908338
908338
1477000
1321784
866773
1588751
1588755
767100
767100
944565
944565
33033
883114
655811
33029
54007
1755241
1284686
525255
33034
1120920
1048380
1895746
2060927
520762
1424294
1121919
1478221
1121266
1121301
36842
1872455
159292
69895
293826
350688
1120976
426128
312168
393762
84022
1497
864565
796937
1871336
1871336
546269
546269
1511
745369
1286171
1121324
1121328
29349
1123350
1123349
596315
596315
1219626
72304
215200
1261
1496
445973
1577792
36841
500633
1121321
1505
1233170
1233170
1629550
2020949
2020949
2020948
2020948
1121325
1507512
1115758
243899
2741
2013772
2060925
1321814
2137877
1263011
1263005
592031
2652292
1161902
888721
1230734
1520829
883109
888727
155865
1401079
86332
114527
1263021
1981510
1262847
1262772
1262811
1262799
1262800
1262788
1262807
1262812
1262823
1262801
1262822
1262841
1262789
1262815
1262820
1262810
1262813
1262840
1262839
1262784
398512
1121337
1195236
48256
1330534
394503
755731
84032
1297424
1677857
720554
1121336
1294263
492476
1848158
270498
626937
1262897
1897005
1262770
2013790
1262781
1262775
1263029
1262867
1262797
1263026
1284702
1497955
1855400
1520819
1520816
1262957
1797683
1262703
1262966
1262808
1263015
1262894
1945634
501571
1628085
1123282
1122930
1263001
2211183
1378168
1378168
552398
552398
552398
1965576
1965538
2108523
1965661
411467
411467
1297617
1965660
1965629
292800
292800
1965537
1263002
1263006
1263000
1263004
1262999
2013777
1263030
1263013
1897032
1263003
1263007
1262992
1262911
693746
1235797
1235797
1897011
1262910
1855299
1780381
1262882
1262803
1262952
1262959
1262961
1262831
1262886
290054
1262700
1262779
1572656
1965587
1105031
1849176
1965604
428125
1262819
1796620
1262769
1262989
1965570
1262848
40518
1200751
1262890
2292352
1262778
1262783
663278
663278
29343
258515
474960
537013
1849041
1520815
1235835
1235835
169435
1550024
1965588
1965582
1965662
1965639
1965549
2935520
411471
2086273
2053618
745368
657319
1262893
1262878
1897019
1262958
1262953
1262954
411473
1262955
1262965
1265
213810
1160721
1520817
1262963
1264
1262888
1965545
97138
97138
36847
991789
1262998
2053632
1262814
1263025
160404
642492
642492
1764963
1712377
1764959
1884656
1764962
1884657
1712378
1712380
1764958
2013781
2013788
2013770
1122934
1812858
1619234
592026
592026
116085
357809
1564487
1679721
290052
29364
37658
1120996
1527
1121322
1121345
1504536
1337051
1122155
33035
1532
537007
537007
1912897
1263022
2292890
53443
1965603
2293174
1955243
1262756
40520
418240
2292961
1263031
2293831
168384
1965583
1965560
1965555
2292273
1150298
1262995
1262758
1262948
500632
500632
742723
742723
1121950
1653434
410072
39486
411468
1965547
1235798
1235798
1235799
1235799
553973
658665
1262873
88431
1965575
2044587
2044587
1235792
1235792
33038
556261
1544
1776045
39482
1965627
1965569
1965654
46228
33039
2292347
2316025
1392836
1120918
1715004
1780378
679200
712982
617123
575593
1095750
796942
77917
1526
1321782
585501
796943
796943
796944
1969407
1855342
1855343
1165092
1943579
1262824
742741
1262792
84030
1965562
154046
1096246
384636
759821
2067550
29370
1286362
1297793
2293024
2292307
518636
460384
999405
742732
358743
457421
358742
483218
99656
1897001
39485
28051
1262889
1262887
384639
28052
706562
1262991
1262761
511680
28121
1200721
1262944
2293105
1262883
411463
1262881
1262802
1262945
1262777
2293015
1262785
1262773
1896985
1262782
1262836
1262946
1262790
1896984
39495
411490
1261636
649756
1261637
39488
1965542
1262863
33043
1262825
1262830
42322
1520823
1262942
1763509
1732
1042156
1520827
1235802
1235802
1256908
1261634
397290
397290
397288
397288
1235790
1235790
1520820
626523
1520821
1520802
1520801
185007
1798186
1123011
1261635
166486
622312
585394
140626
1792306
39491
1712665
1262943
301302
1432052
1720294
397287
397287
1235800
1235800
1263027
1897036
879566
1263008
1262816
1262940
1897016
397291
397291
1235793
1235793
2292885
1520825
1520826
1200747
1262988
1520828
1200749
2053610
1798184
633697
633697
633697
1855374
1262993
877406
831
1520808
1520812
1520810
43305
185008
1520806
1855323
1520811
702450
1033810
1033810
1033810
1262996
1263023
1262857
1262821
1263020
1262791
1780379
451640
1630
999415
322505
1776392
100884
1574263
1547
29348
69824
1798010
650150
1514105
545696
679192
706433
706433
1034346
1768196
2292044
428127
658659
999413
1235796
1235796
1862672
1862668
1702221
1323
649755
2292353
1735
1262795
2088
1262856
1263017
1541959
1541960
2024899
61635
1318466
35623
2148
37692
198422
203274
479893
180978
59748
69896
146897
1520703
262768
322098
1262990
1262686
1263032
1262806
1262826
1262771
1262837
1262846
1262793
1263018
1262833
1262907
1262804
1262809
1262829
1262817
1262768
1262818
1262997
1262855
1262908
1262906
1262904
1263024
1262827
502393
29391
1321820
84135
562981
2069309
549685
119206
1376
87541
128944
371602
1981982
51665
1377
140314
82803
382641
640938
43064
157076
1903686
708126
137733
638301
626369
626369
592010
592010
1581061
89093
120956
883113
178214
137730
2053495
84521
2036206
908337
908337
13076
13076
1121925
1564681
142588
745365
82801
2748
2751
1073423
333990
1266845
174587
208596
28230
1121025
883081
29394
29394
258723
1255609
1130080
1798803
426703
753702
99907
426701
1229520
426702
1234409
214095
1834193
33970
762845
1351
1834181
1158609
118060
903983
317735
332949
1834189
1131292
1834192
332950
1077675
1158608
903984
53345
1352
417368
1987383
53346
150033
768486
112904
57732
888064
1158607
44007
1834178
33945
160453
71452
71451
319970
249189
1121865
44008
1139996
1140003
1158610
1158603
1353
328396
1690244
1834191
1139219
317010
1302648
1513897
1408226
633807
1987385
2738
2293110
519472
1768210
263852
1360
1291764
2169526
1940789
1281486
1859475
1859473
1364
1215915
1122154
2025039
1365
873449
873449
873449
904293
1227275
1227275
1311
439219
1450188
1348
1765960
910313
910313
873448
873448
873448
910939
1856638
883168
883168
1346
1329
764299
764299
764299
119224
1314
40041
82348
1435972
889206
1304
1335
102684
150055
315405
59310
197614
1811193
764298
699248
1915004
1337
1345
1777880
400065
1111760
1309
1608583
1777881
1307
1579424
1326
1432788
1777878
176090
889201
888818
1777879
862970
33040
78535
313439
1302
999425
999425
1318
1759399
113107
904294
904294
889204
888746
1739309
1739341
1739491
1203590
861455
1458253
768726
768726
1855327
1095727
563038
257758
760828
760828
1715092
1423726
1423822
1423796
375175
1423719
1133569
1122150
1423750
1423812
1423725
1423731
1423806
1423801
1423777
1618
1423759
1423729
1122146
1423724
1605
1622
525362
525362
1122153
1606
1423716
449659
1423740
1423718
1423755
1624
2099788
2099789
942150
1400520
1589
60520
1590
1329250
1329250
155866
1616
165096
1238674
1123500
1629
1620
137591
1583
1505725
46256
585506
1631871
89061
1247
931074
336988
1505726
930946
283737
709323
709323
157463
157463
220714
220714
33968
33965
1511761
1229758
762051
115778
1127128
1127128
255248
1246
81857
1423734
1423747
1599
1423752
28038
1423792
1231336
1122147
1423727
1293598
1088720
1582
1291734
1423730
1423769
1291052
1423783
1423810
1303590
1218508
1218492
1423815
1007676
1847728
1423811
1423775
1122151
1423720
1993540
1074467
1074467
1074467
1423774
1612
1423818
392416
1423770
993692
1423735
1423738
1423744
1423722
1423721
879301
1122152
109790
1423714
1505723
303541
1218494
1218507
1218506
1218493
1423761
1423790
1423751
321956
1293597
1423758
947835
909954
508451
1346615
1346615
2107999
1423754
585524
1423763
1423767
695563
1314884
1314884
47770
52242
525365
1423828
1587
1080365
1080365
187452
480391
1408206
331679
51663
114090
319653
319652
54062
1907779
1335616
1291742
1423778
1423807
1423813
1598
1423794
1423814
1423746
1423782
1423779
525309
575594
396268
148604
1613
1423771
1423749
1423742
1114972
348151
1423819
1423803
616990
1423753
357278
1423817
1423715
216463
1423773
1580
1291743
1122149
1423804
1423776
1423785
33960
1302272
1714681
1714682
1435342
1302250
2024736
1423781
1899430
1218495
148814
148814
1614
1614
1221538
53444
1625
1423802
1138822
1138822
1423766
1423795
1423739
1423757
1423743
1423786
1423780
481719
33962
152332
1071400
1071400
152331
562970
2055160
1348429
1903704
1214604
1157490
378543
1765683
1765684
471514
392015
1356854
368812
89784
521098
252246
1906605
1742774
450362
1590651
2211139
697284
1502751
1882751
1469647
1736411
1761880
1736398
1736404
1850517
512399
1977292
1977292
997761
997761
1178515
554312
1920421
1566278
162209
624147
1337054
1501230
189691
1883426
2315694
1294267
456490
1380763
1803190
1126833
1695218
717605
717605
717605
1858795
2003592
2108467
1502753
2081970
1881032
1884382
1156355
1884377
717606
375489
217090
1619309
1882832
324057
1045775
1844972
2292705
393251
171404
1736234
684063
1920422
630520
1920420
1743142
1736388
2135473
1852522
1117108
1212764
130049
49283
1324314
621372
935846
44252
1416533
670482
268407
1566279
1462996
1616788
1616788
1532905
1313296
66347
1870820
743719
743719
1642570
1236974
1705565
1705110
59843
715225
715225
2059268
2977365
1333845
682956
1306852
1306852
189426
160799
1780103
1174501
1850362
414771
169760
1268072
1333534
189425
1073571
1536772
1536773
1978120
2009338
1886670
1499968
1761874
59893
114136
172713
985665
1406
1566358
1763538
253703
494026
467974
1472719
1236976
2026089
297318
1631599
1736552
582692
198119
1325358
59845
1705561
58172
1472
484184
1451
528191
2066524
1484
230954
1471761
201975
201973
1048340
1155944
997346
714067
1121389
1642702
1242148
1236220
112248
1173111
37482
2026
573074
2137476
46223
1882753
1761907
1413211
766136
1390249
1500254
143495
649747
47500
1121121
1300222
319501
319501
1408254
54911
54910
1246477
54914
54915
54913
1144308
1393
1393
2126352
986075
986075
157733
1761764
2171751
1395513
1069536
1069536
1069536
269670
273032
360911
1484479
1345023
340146
33987
1684312
296995
41170
1017277
169177
2282449
2051906
262543
1087448
2670334
2021314
1221500
255247
1196324
1881065
1017270
459525
1464122
79880
866786
1460641
1246626
444060
1188261
1188261
79885
272558
86665
86665
519424
1218173
1218173
79884
1236973
199441
1236971
1236970
333138
1371
1122204
2099786
549003
930128
517424
568899
930129
266892
1884432
649639
649639
1503961
2045244
85682
1532552
1532552
1532552
393763
472963
1464123
439292
632773
2045207
1601833
200989
1548213
745820
1385510
1385514
1385513
1385511
237682
2018042
237069
571933
1385512
571932
86666
570947
1230341
1230341
50717
908941
156205
240303
1543706
866895
396056
240302
1246484
195088
402384
407036
482461
1308866
930114
334253
531814
178340
1298598
1027249
1462524
200904
698758
1612202
872970
621096
306540
442899
306541
2025389
361279
2022548
386490
361277
545501
545501
1742575
553311
621109
1472767
1472767
237679
640948
171693
182710
403957
1482
2017483
163877
405946
1494959
1898027
2022552
1229153
2052660
1229152
1473
302167
411959
1462526
2024554
2024555
930131
930117
2293325
1448271
1743146
1679169
2064768
930152
79883
1665556
1643452
1423321
1423321
1608910
1458122
1458122
2066053
152268
1455638
2021690
2033502
2029108
1547283
2135743
1178537
293387
293387
293386
293387
561879
1408
1178540
1326968
1441095
1664069
1131734
1925020
1925021
1793963
171685
86667
1963032
79881
1150625
161544
2315464
1402860
189381
1761763
218284
2033486
189382
135735
1402861
493781
46224
1914540
38875
363870
157838
1707093
1758642
2053044
2303991
673318
2054166
2303992
228899
1478
2057910
421767
1679170
264697
264697
1917180
2054168
1403243
2053728
86668
2022547
1348973
1397
115979
859143
549687
1637975
666686
666686
666686
1367477
352858
1408103
930146
1459
665099
1399
2021695
996558
35841
1392
2033491
1761755
2135741
1712029
1566284
2033507
178774
2033503
1705566
1743144
1476857
2259171
1565991
1294265
1321606
285983
1117379
220686
1740721
1678002
2033511
2033483
1499688
2021693
1928617
1882761
1305675
284581
86664
412384
1404
997296
1479
294699
33932
265546
1267580
198467
150248
404937
1212546
1212546
1325335
81408
581036
153151
1136178
186116
883812
1295642
2037913
1430331
129338
129339
1422
1414643
169283
1921421
1921421
33940
1394
33938
235909
1111068
2015203
2015052
1221996
1221996
1743143
1455
1714016
1017273
29332
1714354
1714264
1714355
1917019
1409
1467
480284
217031
301148
1121088
33936
1265861
2756
1265819
1006155
1265816
1552123
1497681
1265820
1265846
1081736
1621700
1265818
1265817
525367
1640
1642
1639
386043
702457
202751
889306
1508404
135826
220754
2082395
45670
1432562
407035
576118
1123231
714307
709510
157227
1461582
1461582
1871619
643214
150056
1296
42858
71237
1855823
69966
1903056
1891097
1891097
1902580
522262
1295
1294
569857
46127
46126
985762
1284
155085
283734
283734
53344
1285
1229783
70255
396513
1286
1955013
1667172
246432
1293
61015
94138
29385
1288
214473
70258
29384
29379
29378
170573
170573
1607738
308354
1654388
1418420
985002
28035
586733
1283
629742
319942
45972
1292
29388
29388
525378
1282
2320858
1078085
2135694
1176648
2058318
2233542
1499687
1499687
459472
1185653
933115
933115
1005941
221799
1038856
1038856
200991
200991
192421
192421
2213202
1374
1374
1526927
1302659
1302659
1302659
1598147
550447
426756
1235279
426757
1571
2048263
2283194
759851
98228
1474
1759557
1476
2282866
2020506
2041346
1461
1884358
1884359
126156
365346
126157
2305899
1750719
1650
202750
263475
263476
241244
1884360
33978
33977
1473546
1220589
1293441
1932366
1704289
582475
1294264
33935
1681184
1421
28031
1211035
1384049
614649
614648
1384057
1202712
2304605
1811976
1145276
2081964
2048654
2169540
1002809
1224748
1748298
1802193
1802195
2013837
2013832
869212
929563
2026757
178
1917830
1917830
1917830
1917863
456481
2023178
1917822
1249483
1249483
2813349
1218585
2023189
2023182
1218591
1218591
1257025
1257025
1218599
1218599
2023191
293084
293084
1049789
1049789
1049789
1193011
1193011
1193069
1193069
1049972
1049972
1049972
1242992
2023177
2023183
2023198
2023192
1917820
2023197
1193054
1049924
1049924
1049924
1049945
1049945
1049945
508589
1049759
1049759
1049759
1851191
1218564
1218564
338217
1137606
2202201
1049970
1049970
1049970
2023184
2023186
2202203
2202203
2107588
1262760
526224
1358104
1289135
159
52584
1045858
381802
1802188
1802174
34097
1802187
1245910
445987
445987
390236
498743
498743
34095
521010
1674146
498741
498741
139
1964448
1293575
412419
412418
1408429
314724
314724
1435045
1435045
1365188
140
47466
47466
47466
665571
1802196
573413
760011
158190
158189
2293840
1329640
1940821
1972456
1971727
2283433
1963862
28185
1187066
159291
889378
889378
889378
1307761
1480694
1802180
2013839
2013835
744872
1802380
545695
545694
545776
161
1291379
999431
221027
754027
596324
1125700
1539298
1908540
1125699
1321815
906968
1125701
869209
907348
907348
225004
261392
1124982
163
1932696
1797603
2170265
1871322
1806891
1234368
83558
1967782
1046581
83559
83560
813
1143323
1143323
227941
264202
331113
2030807
1797605
1797604
2052178
1871324
2026802
1871323
362787
389348
1444712
                                                                     